File Path: C:\2024\20240314 CTLbio tensile\Test Run 3 03-14-24 16 22 53 PM\DAQ- Time, … - (Timed).txt   
Test: CTLbio_tensile_EC5AA
Test Run: Test Run 3
Date: 3/14/2024 4:08:34 PM


Time 	Crosshead 	Load 	Extensometer 
sec	mm	kN	mm
0.912000000476837	0.00170898442775069	0.0386541061401367	6.87302872393047E-05
1.01199996471405	0.00317382819048362	0.0753158645629883	0.000230375604814981
1.11199998855591	0.00502929697177024	0.127094184875488	0.000505658590554958
1.21200001239777	0.0070312498792191	0.186914077758789	0.00131254762436583
1.31200003623962	0.00913085932552349	0.247054168701172	0.00241077032114845
1.41199994087219	0.0120605473057367	0.339811981201172	0.0032021223432821
1.51199996471405	0.0152832035382744	0.438922912597656	0.00460896671938826
1.61199998855591	0.0188476569746854	0.545434326171875	0.00582906977797393
1.71200001239777	0.0225097664952045	0.659905944824219	0.007204227586044
1.81200003623962	0.0263183592323912	0.775240173339844	0.00867508333612932
1.91199994087219	0.0296875005005859	0.883157043457031	0.00988807187241036
2.01200008392334	0.0334960932377726	0.997432739257813	0.011306889973639
2.11199998855591	0.0373046859749593	1.11668432617188	0.0127869197967811
2.21199989318848	0.0411621076636948	1.2396640625	0.0142053231684258
2.31200003623962	0.0445800797024276	1.34034631347656	0.0153764449351002
2.41199994087219	0.0482421892229468	1.45312280273437	0.016785768821137
2.51200008392334	0.0518554697919171	1.55983032226563	0.018114791600965
2.61199998855591	0.0556640625291038	1.68047094726562	0.0192944826267194
2.71199989318848	0.0596679674345069	1.80240686035156	0.0208209439733764
2.81200003623962	0.0631347647868097	1.91065795898438	0.0223314746108372
2.91199994087219	0.0667480489937589	2.02230322265625	0.023737187802908
3.01200008392334	0.0700683594914153	2.12220581054688	0.0248381365963724
3.11199998855591	0.0737792943255045	2.23992309570313	0.0262182420556201
3.21199989318848	0.0771484410506673	2.34785498046875	0.0274291887762956
3.31200003623962	0.0808105469332077	2.46300854492188	0.028885771826026
3.41199994087219	0.0842285153339617	2.56779638671875	0.0303241904475726
3.51200008392334	0.0880371080711484	2.6879248046875	0.0316127479891293
3.61199998855591	0.0916015633265488	2.79465625	0.0330278890032787
3.71199989318848	0.0950683606788516	2.90146655273438	0.0343057909049094
3.81200003623962	0.0983398422249593	3.00469189453125	0.0357495846401434
3.91199994087219	0.101806639577262	3.11147900390625	0.0368631626770366
4.01200008392334	0.105126950074919	3.21271557617187	0.0381456193281338
4.11199998855591	0.108203123090789	3.30797290039063	0.0392265574191697
4.21199989318848	0.11123046715511	3.3985712890625	0.0405123137170449
4.31199979782104	0.11479492241051	3.51081079101563	0.0415226386394352
4.41200017929077	0.118554686196148	3.62237377929688	0.0431248627137393
4.51200008392334	0.122412107884884	3.73997241210937	0.0443321587226819
4.61199998855591	0.126269529573619	3.84783569335938	0.045694916479988
4.71199989318848	0.129638676298782	3.94245971679688	0.0471599742013495
4.81199979782104	0.133154302602634	4.04805126953125	0.0484100346511696
4.91200017929077	0.136425776872784	4.1524375	0.0497014407301322
5.01200008392334	0.139941403176636	4.2591171875	0.0508627599629108
5.11199998855591	0.142871096613817	4.3486005859375	0.051892737246817
5.21199989318848	0.146044927532785	4.4454033203125	0.053125353588257
5.31199979782104	0.149072264321148	4.53844287109375	0.0543638670933433
5.41200017929077	0.152490232721902	4.63719482421875	0.0554906837351155
5.51200008392334	0.156152338604443	4.7455341796875	0.0569574331166223
5.61199998855591	0.160009760293178	4.86281982421875	0.0584132103540469
5.71199989318848	0.163232427439652	4.96133984375	0.0595046294620261
5.81199979782104	0.166699217515998	5.0606484375	0.0606050161877647
5.91200017929077	0.169873048434965	5.15245556640625	0.0620494101895019
6.01200008392334	0.173095701029524	5.24533935546875	0.0630096110398881
6.11199998855591	0.175927736563608	5.3283359375	0.0641351361991838
6.21199989318848	0.179150389158167	5.4218291015625	0.0652798262308352
6.31199979782104	0.182226562174037	5.51512451171875	0.0662847960484214
6.41200017929077	0.185546872671694	5.6087314453125	0.0673955873935483
6.51200008392334	0.188818361493759	5.7069345703125	0.0686794810462743
6.61199998855591	0.192285151570104	5.8090517578125	0.0698770963936113
6.71199989318848	0.195800777873956	5.909580078125	0.0711940956534818
6.81199979782104	0.199462883756496	6.0162734375	0.0725295903976075
6.91200017929077	0.202832030481659	6.115291015625	0.0735241555958055
7.01200008392334	0.206298835109919	6.21704345703125	0.0747961894376203
7.11199998855591	0.209326171898283	6.3067724609375	0.0760784969315864
7.21199989318848	0.212548824492842	6.39776220703125	0.0772174098528922
7.31199979782104	0.215771491639316	6.490392578125	0.0783447103458457
7.41200017929077	0.21938476129435	6.593666015625	0.0794765946920961
7.51200008392334	0.22285156592261	6.69646484375	0.0808809563750401
7.61199998855591	0.22646485012956	6.80152197265625	0.0822641377453692
7.71199989318848	0.229589844821021	6.89151806640625	0.0832346486276947
7.81199979782104	0.233056634897366	6.988568359375	0.0841791697894223
7.91200017929077	0.23647460329812	7.08686083984375	0.0857328559504822
8.01200008392334	0.240087887505069	7.192716796875	0.0869011564645916
8.11200046539307	0.243115238845348	7.27847314453125	0.0877847560332157
8.21199989318848	0.246435549343005	7.3725595703125	0.0892853713594377
8.3120002746582	0.24951170780696	7.46428955078125	0.0903690815903246
8.41199970245361	0.252978526987135	7.5623115234375	0.0913126714294776
8.51200008392334	0.256347644608468	7.6602216796875	0.0927897417568602
8.61200046539307	0.260058586718515	7.76796484375	0.0939247838687152
8.71199989318848	0.263183581409976	7.85889111328125	0.094982075097505
8.8120002746582	0.266503891907632	7.9558349609375	0.0961393670877442
8.91199970245361	0.269580079475418	8.0426728515625	0.0975815346464515
9.01200008392334	0.272998033324257	8.13811572265625	0.0986118902801536
9.11200046539307	0.276220700470731	8.2296806640625	0.0999317344394512
9.21199989318848	0.279687490547076	8.3280224609375	0.101030964287929
9.3120002746582	0.282958993921056	8.423140625	0.102089667052496
9.41199970245361	0.286669936031103	8.527818359375	0.103470410977025
9.51200008392334	0.290087889879942	8.6266025390625	0.10451978596393
9.61200046539307	0.293798831989989	8.7200419921875	0.105697916296776
9.71199989318848	0.29692382668145	8.804607421875	0.106890278402716
9.8120002746582	0.300439452985302	8.9025546875	0.107923850009684
9.91199970245361	0.303613283904269	8.9921279296875	0.10909926641034
10.0120000839233	0.306933594401926	9.08309375	0.110464563476853
10.1120004653931	0.309716793708503	9.1628701171875	0.111334629764315
10.2119998931885	0.31303710420616	9.2530634765625	0.112601068394724
10.3120002746582	0.316406250931323	9.3409873046875	0.113496775156818
10.4119997024536	0.320214836392552	9.447361328125	0.115260925667826
10.5120000839233	0.323681626468897	9.54324609375	0.116451585199684
10.6120004653931	0.327294925227761	9.64334765625	0.117606963613071
10.7119998931885	0.330224604113027	9.7272119140625	0.118684991321061
10.8120002746582	0.333496107487008	9.816966796875	0.119613097922411
10.9119997024536	0.336523429723457	9.9038984375	0.120662632980384
11.0120000839233	0.339794933097437	9.9944912109375	0.121858276543207
11.1120004653931	0.342578132404014	10.07328515625	0.123019519378431
11.2119998931885	0.345605454640463	10.1577998046875	0.123923789942637
11.3120002746582	0.348632805980742	10.2417216796875	0.124908445286565
11.4119997024536	0.351953116478398	10.3337529296875	0.126205355627462
11.5120000839233	0.355712894815952	10.4323125	0.127378385514021
11.6120004653931	0.359619152732193	10.5408310546875	0.12891212827526
11.7119998931885	0.36293946322985	10.6302451171875	0.129895182908513
11.8120002746582	0.366503896657377	10.7268828125	0.130921020172536
11.9119997024536	0.369726563803852	10.814646484375	0.132330242195167
12.0120000839233	0.373046874301508	10.9015634765625	0.133293375256471
12.1120004653931	0.375927746063098	10.980857421875	0.134636342409067
12.2119998931885	0.379150384105742	11.067306640625	0.135339127155021
12.3120002746582	0.38232421502471	11.15671484375	0.136566071887501
12.4119997024536	0.385644525522366	11.24571484375	0.137854818603955
12.5120000839233	0.388964836020023	11.3382490234375	0.139251686050557
12.6120004653931	0.392529298551381	11.432353515625	0.140070667839609
12.7119998931885	0.395996088627726	11.5294599609375	0.141539901960641
12.8120002746582	0.399658194510266	11.6255947265625	0.142850942211226
12.9119997024536	0.402978505007923	11.716099609375	0.143918266985565
13.0120000839233	0.406396487960592	11.8064384765625	0.145165453432128
13.1120004653931	0.409326166845858	11.8853603515625	0.146220889291726
13.2119998931885	0.412499997764826	11.970654296875	0.147334460052662
13.3120002746582	0.415624992456287	12.05602734375	0.148147184518166
13.4119997024536	0.419042975408956	12.1453740234375	0.149455212522298
13.5120000839233	0.422460929257795	12.240091796875	0.150421634316444
13.6120004653931	0.425878912210464	12.329865234375	0.151793239638209
13.7119998931885	0.429052743129432	12.4163876953125	0.15300813538488
13.8120002746582	0.432275381172076	12.5005224609375	0.154024208313785
13.9119997024536	0.435791007475927	12.598	0.155343004735187
14.0120000839233	0.439453113358468	12.6955146484375	0.156474430696107
14.1120004653931	0.442675780504942	12.7808623046875	0.157892834977247
14.2119998931885	0.446093763457611	12.8706064453125	0.158847265993245
14.3120002746582	0.449316401500255	12.9562294921875	0.159771996550262
14.4119997024536	0.452880864031613	13.0501396484375	0.161224525072612
14.5120000839233	0.456445326562971	13.143115234375	0.162062409799546
14.6120004653931	0.4602539120242	13.241955078125	0.163568853167817
14.7119998931885	0.463378906715661	13.3229072265625	0.164588578627445
14.8120002746582	0.4667968605645	13.408119140625	0.165720412041992
14.9119997024536	0.469921884359792	13.4652783203125	0.166634170454927
15.0120000839233	0.473388674436137	13.5321044921875	0.167512116604485
15.1120004653931	0.476562505355105	13.592068359375	0.168169237440452
15.2119998931885	0.48002929543145	13.66673046875	0.169268794707023
15.3120002746582	0.483203126350418	13.7385546875	0.170257626450621
15.4119997024536	0.486914068460464	13.8258857421875	0.171038482221775
15.5120000839233	0.490283186081797	13.909453125	0.172329222550616
15.6120004653931	0.493798812385648	13.9969228515625	0.173540407558903
15.7119998931885	0.496875029057264	14.06951171875	0.174401939148083
15.8120002746582	0.500292982906103	14.1530068359375	0.175234512425959
15.9119997024536	0.503417977597564	14.22925	0.17652842507232
16.011999130249	0.506640644744039	14.3041005859375	0.177561887539923
16.1119995117188	0.50937500782311	14.3707373046875	0.178361107828096
16.2119998931885	0.512597674969584	14.450216796875	0.179360489710234
16.3120002746582	0.515966792590916	14.5320439453125	0.1803616178222
16.4120006561279	0.519726541824639	14.622923828125	0.181757888640277
16.511999130249	0.523193331900984	14.7101767578125	0.182951407623477
16.6119995117188	0.526904303114861	14.8009404296875	0.184468037332408
16.7119998931885	0.530029297806323	14.869853515625	0.185376120498404
16.8120002746582	0.533447251655161	14.948923828125	0.18648779951036
16.9120006561279	0.536621082574129	15.017978515625	0.18745799025055
17.011999130249	0.540087872650474	15.098853515625	0.189029087778181
17.1119995117188	0.542968744412065	15.159341796875	0.189574115211144
17.2119998931885	0.546191411558539	15.22500390625	0.190928447409533
17.3120002746582	0.549267570022494	15.2891572265625	0.192080435226671
17.4120006561279	0.552880868781358	15.3669833984375	0.193190164281987
17.511999130249	0.556542945560068	15.4420390625	0.194647742318921
17.6119995117188	0.560400367248803	15.5230625	0.196129461983219
17.7119998931885	0.563623034395278	15.5785380859375	0.197595101781189
17.8120002746582	0.567138660699129	15.6472392578125	0.199051326490007
17.9120006561279	0.570166041143239	15.6994345703125	0.200328300707042
18.011999130249	0.573339872062206	15.7541943359375	0.201733593712561
18.1119995117188	0.576171849388629	15.7980732421875	0.202881667064503
18.2119998931885	0.57944335276261	15.8583037109375	0.204738229513168
18.3120002746582	0.582568347454071	15.907166015625	0.206123033422045
18.4120006561279	0.58598630130291	15.962171875	0.207772653084248
18.511999130249	0.589306640904397	16.0156865234375	0.209555466426536
18.6119995117188	0.593017553910613	16.077736328125	0.211260499781929
18.7119998931885	0.596533180214465	16.1309072265625	0.213212944800034
18.8120002746582	0.600292987655848	16.183767578125	0.215174222830683
18.9120006561279	0.603564432822168	16.2273056640625	0.216973247006536
19.011999130249	0.607031222898513	16.2730244140625	0.218901943298988
19.1119995117188	0.60996093088761	16.3020146484375	0.220801055547781
19.2119998931885	0.613183598034084	16.3397080078125	0.222602582653053
19.3120002746582	0.616308592725545	16.3709462890625	0.224675459321588
19.4120006561279	0.61992189148441	16.4201484375	0.226692514843307
19.511999130249	0.623339845333248	16.458380859375	0.229021548875608
19.6119995117188	0.626904307864606	16.4978828125	0.231054684263654
19.7119998931885	0.630029302556068	16.52165234375	0.233368366025388
19.8120002746582	0.633642601314932	16.562341796875	0.235516388784163
19.9120006561279	0.637109391391277	16.5934921875	0.237692249356769
20.011999130249	0.640722631942481	16.629958984375	0.240038178162649
20.1119995117188	0.643798848614097	16.64572265625	0.242456590058282
20.2119998931885	0.647216802462935	16.670828125	0.244488270254806
20.3120002746582	0.650244124699384	16.680986328125	0.246761832386255
20.4120006561279	0.653759751003236	16.70842578125	0.248968048254028
20.511999130249	0.657080090604722	16.731708984375	0.251146353548393
20.6119995117188	0.660693331155926	16.763162109375	0.25367655325681
20.7119998931885	0.663671875372529	16.774580078125	0.255811319220811
20.8120002746582	0.66694337874651	16.7955078125	0.257920211879537
20.9120006561279	0.669921864755452	16.811615234375	0.260279863141477
21.011999130249	0.67333981860429	16.83908203125	0.262871064478531
21.1119995117188	0.676513649523258	16.853837890625	0.265348789980635
21.2119998931885	0.679980497807264	16.880732421875	0.2672390837688
21.3120002746582	0.683154270518571	16.89251953125	0.269722164375708
21.4120006561279	0.686865241732448	16.927607421875	0.27255475288257
21.511999130249	0.690332031808794	16.94472265625	0.275219150353223
21.6119995117188	0.693994166795164	16.9572265625	0.277521379757673
21.7119998931885	0.697070325259119	16.94660546875	0.279613333987072
21.8120002746582	0.700585951562971	16.96137890625	0.281975837424397
21.9120006561279	0.703662110026926	16.972837890625	0.283994624624029
22.011999130249	0.7068847771734	16.986626953125	0.286345544736832
22.1119995117188	0.709619140252471	16.990013671875	0.28835327248089
22.2119998931885	0.712890643626451	17.00939453125	0.290512223728001
22.3120002746582	0.716210925020278	17.03049609375	0.293206074275076
22.4120006561279	0.720019510481507	17.05652734375	0.295478239422664
22.511999130249	0.723486300557852	17.0764296875	0.298007566016167
22.6119995117188	0.727197271771729	17.0952265625	0.300645420793444
22.7119998931885	0.730273430235684	17.10124609375	0.302991335047409
22.8120002746582	0.733691384084523	17.11326953125	0.305456080241129
22.9120006561279	0.73686521500349	17.122212890625	0.307848473312333
23.011999130249	0.740234390832484	17.1375	0.310189585434273
23.1119995117188	0.743066426366568	17.137970703125	0.312481017317623
23.2119998931885	0.746191421058029	17.1488203125	0.314588221954182
23.3120002746582	0.749169907066971	17.15764453125	0.317043391987681
23.4120006561279	0.752734369598329	17.178576171875	0.319574668537825
23.511999130249	0.756445340812206	17.20425390625	0.322265463182703
23.6119995117188	0.760351540520787	17.23017578125	0.324719585478306
23.7119998931885	0.763623043894768	17.236333984375	0.327356072375551
23.8120002746582	0.767236342653632	17.2516953125	0.330095266690478
23.9120006561279	0.770459009800106	17.256763671875	0.332548021106049
24.011999130249	0.773779291193932	17.26969140625	0.335258810082451
24.1119995117188	0.776708999183029	17.268888671875	0.337608100380749
24.2119998931885	0.780175789259374	17.2835234375	0.340196071192622
24.3120002746582	0.783398456405848	17.29212890625	0.342565297614783
24.4120006561279	0.786962918937206	17.312130859375	0.345351931173354
24.511999130249	0.790283200331032	17.31877734375	0.347790191881359
24.6119995117188	0.794042949564755	17.344115234375	0.350712187355384
24.7119998931885	0.797460961621255	17.350060546875	0.353222858393565
24.8120002746582	0.801074202172458	17.36551953125	0.356115313479677
24.9120006561279	0.804296869318932	17.3721484375	0.358663033694029
25.011999130249	0.807568372692913	17.376037109375	0.361419341061264
25.1119995117188	0.810400408226997	17.370265625	0.363578961696476
25.2119998931885	0.813623075373471	17.3790234375	0.366082793334499
25.3120002746582	0.816699233837426	17.38591796875	0.368576496839523
25.4120006561279	0.820312474388629	17.407556640625	0.371400266885757
25.511999130249	0.823632813990116	17.420462890625	0.37379702553153
25.6119995117188	0.827148440293968	17.434236328125	0.37635923945345
25.7119998931885	0.830224598757923	17.430111328125	0.378980010282248
25.8120002746582	0.833837897516787	17.44912109375	0.381504185497761
25.9120006561279	0.837304687593132	17.462162109375	0.384232524083927
26.011999130249	0.840820313896984	17.47199609375	0.386983214411885
26.1119995117188	0.843798799905926	17.472015625	0.389554130379111
26.2119998931885	0.847216811962426	17.481126953125	0.392066081985831
26.3120002746582	0.850244134198874	17.48333984375	0.394684670027345
26.4120006561279	0.853759760502726	17.496798828125	0.397407246055081
26.511999130249	0.857031263876706	17.5021328125	0.399833428673446
26.6119995117188	0.860742176882923	17.5225546875	0.402648613089696
26.7119998931885	0.863769557327032	17.520296875	0.40529080433771
26.8120002746582	0.867138674948364	17.533705078125	0.408078543841839
26.9120006561279	0.870165997184813	17.53551953125	0.410518201533705
27.011999130249	0.873632787261158	17.522634765625	0.41279531433247
27.1119995117188	0.876855454407632	17.5029921875	0.41463683010079
27.2119998931885	0.880322244483978	17.507447265625	0.416920520365238
27.3120002746582	0.883496075402945	17.505619140625	0.419015384977683
27.4120006561279	0.887158210389316	17.52346875	0.421220262069255
27.511999130249	0.890429713763297	17.53133984375	0.423518038587645
27.6119995117188	0.893945340067148	17.545119140625	0.425991864176467
27.7119998931885	0.896874989848584	17.543908203125	0.428024010034278
27.8120002746582	0.900244165677577	17.5599140625	0.430149084422737
27.9120006561279	0.903271487914026	17.562337890625	0.432639091741294
28.011999130249	0.9064941550605	17.570962890625	0.434659799793735
28.1119995117188	0.909277354367077	17.56851953125	0.437023874837905
28.2119998931885	0.912548799533397	17.580576171875	0.439198600361124
28.3120002746582	0.916015647817403	17.59955859375	0.441509939264506
28.4120006561279	0.919873069506139	17.62209765625	0.444263016106561
28.511999130249	0.923535146284848	17.6367734375	0.446712045231834
28.6119995117188	0.927343731746078	17.65230078125	0.449630839284509
28.7119998931885	0.930468726437539	17.650783203125	0.45204654452391
28.8120002746582	0.933935574721545	17.65961328125	0.454692868515849
28.9120006561279	0.937109347432852	17.660330078125	0.457142799859866
29.011999130249	0.940527359489352	17.668466796875	0.45988307101652
29.1119995117188	0.943310558795929	17.664763671875	0.462236057501286
29.2119998931885	0.94643555348739	17.664958984375	0.464585435111076
29.3120002746582	0.949462875723839	17.671509765625	0.466981407953426
29.4120006561279	0.953173846937716	17.68606640625	0.46969490358606
29.511999130249	0.956835923716426	17.7081796875	0.47244958113879
29.6119995117188	0.960693345405161	17.72571875	0.475410866783932
29.7119998931885	0.963964848779142	17.72809375	0.477788882562891
29.8120002746582	0.967578147538006	17.735599609375	0.480711460113525
29.9120006561279	0.97080075647682	17.735404296875	0.483241339679807
30.011999130249	0.974023423623294	17.73948828125	0.4859636828769
30.1119995117188	0.976953073404729	17.729609375	0.488235877128318
30.2119998931885	0.980273471213877	17.74092578125	0.490697915665805
30.3120002746582	0.983349629677832	17.74125390625	0.493363942950964
30.4120006561279	0.986816361546516	17.7547109375	0.496193417347968
30.511999130249	0.990039086900651	17.76197265625	0.498440465889871
30.6119995117188	0.993750058114529	17.77871484375	0.501483853440732
30.7119998931885	0.997168011963367	17.78394140625	0.503951858263463
30.8120002746582	1.00087886676192	17.7960078125	0.506847864016891
30.9120006561279	1.0041503701359	17.801244140625	0.50954450853169
31.011999130249	1.00756832398474	17.805669921875	0.512106635142118
31.1119995117188	1.01049803197384	17.79854296875	0.514605781063437
31.2119998931885	1.01381831336766	17.80515625	0.517527631018311
31.3120002746582	1.01699214428663	17.8053203125	0.519678695127368
31.4120006561279	1.02070311550051	17.822134765625	0.522625748999417
31.511999130249	1.02402339689434	17.826099609375	0.525380310136825
31.6119995117188	1.02749024517834	17.835205078125	0.527846510522068
31.7119998931885	1.03051762562245	17.830138671875	0.53022475913167
31.8120002746582	1.0340332519263	17.840498046875	0.533178856130689
31.9120006561279	1.03730463888496	17.843240234375	0.535777769982815
32.0120010375977	1.04067381471395	17.8528515625	0.538625696208328
32.1119995117188	1.04350585024804	17.84443359375	0.540959183126688
32.2120018005371	1.04677735362202	17.850654296875	0.543574686162174
32.3120002746582	1.04975583963096	17.849220703125	0.546177383512259
32.4119987487793	1.05307612102479	17.860501953125	0.548654643353075
32.5120010375977	1.05634762439877	17.866150390625	0.551407691091299
32.6119995117188	1.0600098175928	17.87715234375	0.554156431462616
32.7120018005371	1.06308597605675	17.87892578125	0.556578394025564
32.8120002746582	1.06635747943074	17.88519921875	0.559251697268337
32.9119987487793	1.06943363789469	17.885666015625	0.561797409318388
33.0120010375977	1.07290036976337	17.8940546875	0.564527581445873
33.1119995117188	1.07617187313735	17.897654296875	0.567328068427742
33.2120018005371	1.07963872142136	17.911015625	0.570195785257965
33.3120002746582	1.08291010838002	17.9166328125	0.572870252653956
33.4119987487793	1.0866210795939	17.92783203125	0.575484416913241
33.5120010375977	1.0900879278779	17.9322578125	0.578435836359859
33.6119995117188	1.09370122663677	17.942287109375	0.581218337174505
33.7120018005371	1.09682616312057	17.9386796875	0.583955028560013
33.8120002746582	1.10043946187943	17.95048046875	0.586840382311493
33.9119987487793	1.1036132927984	17.947111328125	0.589710252825171
34.0120010375977	1.10693357419223	17.95012890625	0.592366850469261
34.1119995117188	1.10981450416148	17.9448515625	0.594832468777895
34.2120018005371	1.11323245801032	17.949888671875	0.597662350628525
34.3120002746582	1.116699189879	17.962439453125	0.600504514295608
34.4119987487793	1.12055661156774	17.979017578125	0.603505643084645
34.5120010375977	1.12412113230675	17.98596484375	0.606362416874617
34.6119995117188	1.12773443106562	17.993498046875	0.609183101914823
34.7120018005371	1.13076169509441	17.98415625	0.611926021520048
34.8120002746582	1.13403319846839	17.988189453125	0.614956603385508
34.9119987487793	1.13715825136751	17.985671875	0.617557496298105
35.0120010375977	1.14052731078118	17.992255859375	0.620304606854916
35.1119995117188	1.14335934631526	17.980740234375	0.623112253379077
35.2120018005371	1.14648439921439	17.98694140625	0.62563008395955
35.3120002746582	1.14956055767834	17.986994140625	0.627779052592814
35.4119987487793	1.15332030691206	18.00345703125	0.63099741237238
35.5120010375977	1.15712895058095	18.02192578125	0.633976422250271
35.6119995117188	1.16103515028954	18.038623046875	0.637049612123519
35.7120018005371	1.16435543168336	18.036935546875	0.64015161478892
35.8120002746582	1.16801762487739	18.04453125	0.642795232124627
35.9119987487793	1.17119145579636	18.040294921875	0.645860680378973
36.0120010375977	1.17441406473517	18.03846875	0.648608896881342
36.1119995117188	1.1772948782891	18.027306640625	0.650963454972953
36.2120018005371	1.1806640541181	18.0383515625	0.653949973639101
36.3120002746582	1.18374021258205	18.0351875	0.656664196867496
36.4119987487793	1.18720706086606	18.046201171875	0.659332785289735
36.5120010375977	1.19047856424004	18.047978515625	0.662097940221429
36.6119995117188	1.19423831347376	18.066236328125	0.665071536786854
36.7120018005371	1.19760737288743	18.071150390625	0.667593092657626
36.8120002746582	1.20126956608146	18.076451171875	0.670786132104695
36.9119987487793	1.20454106945544	18.07491796875	0.673465430736542
37.0120010375977	1.2078124564141	18.075240234375	0.676198746077716
37.1119995117188	1.21064449194819	18.06038671875	0.678768497891724
37.2120018005371	1.21386721730232	18.06394140625	0.681806122884154
37.3120002746582	1.21689448133111	18.0627734375	0.684220169205219
37.4119987487793	1.22045900207013	18.076712890625	0.686905113980174
37.5120010375977	1.2236328329891	18.077341796875	0.689653330482543
37.6119995117188	1.22705078683794	18.08553125	0.692405097652227
37.7120018005371	1.22998049482703	18.080029296875	0.694719492457807
37.8120002746582	1.23349612113088	18.091828125	0.697555427905172
37.9119987487793	1.23686518054456	18.095771484375	0.700357370078564
38.0120010375977	1.24042970128357	18.108220703125	0.703271536622196
38.1119995117188	1.24350585974753	18.103484375	0.705796119291335
38.2120018005371	1.24702148605138	18.116314453125	0.708883220795542
38.3120002746582	1.25019531697035	18.115232421875	0.711440283339471
38.4119987487793	1.25380861572921	18.12582421875	0.714428839273751
38.5120010375977	1.2572753475979	18.12769140625	0.717329676263034
38.6119995117188	1.26098631881177	18.1386875	0.720369687769562
38.7120018005371	1.26406247727573	18.133	0.723286881111562
38.8120002746582	1.26738275866956	18.137013671875	0.726202968508005
38.9119987487793	1.27041013911366	18.126984375	0.728584069292992
39.0120010375977	1.2738280929625	18.135130859375	0.731228501535952
39.1119995117188	1.27700192388147	18.13281640625	0.733897730242461
39.2120018005371	1.28041987773031	18.142533203125	0.736717251129448
39.3120002746582	1.28354493062943	18.1419609375	0.739559007342905
39.4119987487793	1.28720700740814	18.152005859375	0.742300180718303
39.5120010375977	1.29052728880197	18.156462890625	0.745110213756561
39.6119995117188	1.29404291510582	18.163869140625	0.748199585359544
39.7120018005371	1.2971191899851	18.158853515625	0.750868988689035
39.8120002746582	1.30058592185378	18.164076171875	0.753675878513604
39.9119987487793	1.30366208031774	18.160693359375	0.756421883124858
40.0120010375977	1.30693358369172	18.163416015625	0.759208982344717
40.1119995117188	1.3097656192258	18.152185546875	0.761548522859812
40.2120018005371	1.31308590061963	18.161431640625	0.764377240557224
40.3120002746582	1.31645507644862	18.166232421875	0.767213641665876
40.4119987487793	1.32026372011751	18.1875703125	0.770097714848816
40.5120010375977	1.32387690246105	18.193345703125	0.772984174545854
40.6119995117188	1.32758787367493	18.20250390625	0.776298868004233
40.7120018005371	1.33071292657405	18.198486328125	0.779200694523752
40.8120002746582	1.33413088042289	18.2008359375	0.781984184868634
40.9119987487793	1.33740238379687	18.196162109375	0.784835370723158
41.0120010375977	1.34082033764571	18.203173828125	0.787679629866034
41.1119995117188	1.34370115119964	18.1913203125	0.790557241998613
41.2120018005371	1.34692387655377	18.19454296875	0.793221581261605
41.3120002746582	1.35000003501773	18.188708984375	0.796024454757571
41.4119987487793	1.3538085622713	18.206482421875	0.79905049642548
41.5120010375977	1.35747075546533	18.22091796875	0.801998423412442
41.6119995117188	1.36118161026388	18.22884375	0.805503339506686
41.7120018005371	1.36425776872784	18.21990234375	0.808257726021111
41.8120002746582	1.36772461701185	18.2234609375	0.811296340543777
41.9119987487793	1.37075199745595	18.21498046875	0.814295606687665
42.0120010375977	1.37387693393975	18.21632421875	0.816741434391588
42.1119995117188	1.37661129701883	18.2008828125	0.819623819552362
42.2120018005371	1.37988280039281	18.20730859375	0.822330533992499
42.3120002746582	1.38295895885676	18.20965625	0.825238472316414
42.4119987487793	1.3863769127056	18.21727734375	0.828402349725366
42.5120010375977	1.38964841607958	18.219669921875	0.831323093734682
42.6119995117188	1.39335938729346	18.234201171875	0.834527425467968
42.7120018005371	1.39682611916214	18.239177734375	0.837625353597105
42.8120002746582	1.40058598481119	18.252447265625	0.840829277876765
42.9119987487793	1.40385737176985	18.24958203125	0.844066496938467
43.0120010375977	1.40727544203401	18.248458984375	0.847601622808725
43.1119995117188	1.41010747756809	18.239396484375	0.850590295158327
43.2120018005371	1.41337886452675	18.238966796875	0.85459731053561
43.3120002746582	1.4164550229907	18.2349375	0.8845318807289
43.4119987487793	1.42001954372972	18.24730078125	0.887112866621464
43.5120010375977	1.42338871955872	18.250208984375	0.889721093699336
43.6119995117188	1.42690434586257	18.260861328125	0.892548996489495
43.7120018005371	1.42998050432652	18.253412109375	0.895060715265572
43.8120002746582	1.43359380308539	18.26213671875	0.897733203601092
43.9119987487793	1.43701175693423	18.265974609375	0.900506449397653
44.0120010375977	1.44062505569309	18.27387890625	0.903401232790202
44.1119995117188	1.44365231972188	18.265396484375	0.906064000446349
44.2120018005371	1.44711916800588	18.268927734375	0.908628921024501
44.3120002746582	1.45024410448968	18.265458984375	0.911314389668405
44.4119987487793	1.45371095277369	18.273828125	0.913932221010327
44.5120010375977	1.45703123416752	18.273474609375	0.916806457098573
44.6119995117188	1.46069331094623	18.283986328125	0.919679820071906
44.7120018005371	1.46362301893532	18.275923828125	0.922382925637066
44.8120002746582	1.4668945223093	18.274626953125	0.924823805689812
44.9119987487793	1.46987300831825	18.2706875	0.927724351640791
45.0120010375977	1.4733886346221	18.2811328125	0.930211914237589
45.1119995117188	1.47661135997623	18.279326171875	0.932865543290973
45.2120018005371	1.48012698628008	18.287623046875	0.935739604756236
45.3120002746582	1.48339848965406	18.288697265625	0.938434794079512
45.4119987487793	1.48720701690763	18.3017890625	0.941236387006938
45.5120010375977	1.49077153764665	18.30312890625	0.944428786169738
45.6119995117188	1.49438471999019	18.31231640625	0.947059772443026
45.7120018005371	1.49746099486947	18.306458984375	0.949777429923415
45.8120002746582	1.500976504758	18.307326171875	0.952539790887386
45.9119987487793	1.50410155765712	18.30326171875	0.955414434429258
46.0120010375977	1.50732416659594	18.3017109375	0.958223536144942
46.1119995117188	1.51005864609033	18.29031640625	0.960640958510339
46.2120018005371	1.513427705504	18.295689453125	0.963163969572634
46.3120002746582	1.51674810331315	18.2994140625	0.966111198067665
46.4119987487793	1.52060552500188	18.314576171875	0.968775129877031
46.5120010375977	1.52407225687057	18.320986328125	0.971783534623682
46.6119995117188	1.52768555562943	18.326791015625	0.974809576291591
46.7120018005371	1.53076171409339	18.318810546875	0.977443414740264
46.8120002746582	1.53413088992238	18.31931640625	0.979882315732539
46.9119987487793	1.53730472084135	18.3152890625	0.982573721557856
47.0120010375977	1.54062500223517	18.316244140625	0.985705642960966
47.1119995117188	1.54340825974941	18.304732421875	0.988142099231482
47.2120018005371	1.54653319623321	18.30230078125	0.990670057944953
47.3120002746582	1.54946290422231	18.301001953125	0.992993707768619
47.4119987487793	1.55302730854601	18.309068359375	0.995762762613595
47.5120010375977	1.55664060730487	18.32427734375	0.998552073724568
47.6119995117188	1.56049802899361	18.337630859375	1.00142753217369
47.7120018005371	1.56367185991257	18.33094140625	1.00425386335701
47.8120002746582	1.56723638065159	18.335064453125	1.00703781936318
47.9119987487793	1.57041021157056	18.33228515625	1.00945599842817
48.0120010375977	1.57373049296439	18.33176171875	1.01248850114644
48.1119995117188	1.57661130651832	18.323091796875	1.01495778653771
48.2120018005371	1.58002926036716	18.327283203125	1.01778085809201
48.3120002746582	1.58320309128612	18.326048828125	1.0202347766608
48.4119987487793	1.58666993957013	18.33430859375	1.02271360810846
48.5120010375977	1.58999022096395	18.335755859375	1.02570804301649
48.6119995117188	1.59370119217783	18.34676953125	1.02842214982957
48.7120018005371	1.59707036800683	18.348765625	1.03130668867379
48.8120002746582	1.60068355035037	18.354865234375	1.03428517468274
48.9119987487793	1.60380860324949	18.35043359375	1.03692419361323
49.0120010375977	1.60717777907848	18.348091796875	1.0396383004263
49.1119995117188	1.6099609201774	18.33973828125	1.0419674217701
49.2120018005371	1.61308597307652	18.334623046875	1.04471133090556
49.3120002746582	1.61611323710531	18.333763671875	1.0472210124135
49.4119987487793	1.61962886340916	18.343677734375	1.04996562004089
49.5120010375977	1.62299803923815	18.34920703125	1.05260848067701
49.6119995117188	1.62656244356185	18.35730859375	1.05546705890447
49.7120018005371	1.62968749646097	18.348859375	1.05798267759383
49.8120002746582	1.63320312276483	18.357689453125	1.06123508885503
49.9119987487793	1.63666997104883	18.365669921875	1.06401811353862
50.0120010375977	1.64028315339237	18.3756328125	1.06677459552884
50.1119995117188	1.64335942827165	18.366255859375	1.06964528094977
50.2120018005371	1.64682616014034	18.368080078125	1.07252108864486
50.3120002746582	1.64995121303946	18.3613125	1.07511109672487
50.4119987487793	1.65346683934331	18.3717578125	1.07786990702152
50.5120010375977	1.65688479319215	18.374427734375	1.08059076592326
50.6119995117188	1.66064454242587	18.38219140625	1.08405516948551
50.7120018005371	1.66372070088983	18.373666015625	1.08645902946591
50.8120002746582	1.66708987671882	18.377138671875	1.08918198384345
50.9119987487793	1.67026370763779	18.370373046875	1.09194661490619
51.0120010375977	1.67382811196148	18.37534765625	1.09483860433102
51.1119995117188	1.67705083731562	18.373662109375	1.09742896165699
51.2120018005371	1.68056646361947	18.37734375	1.10019417479634
51.3120002746582	1.68378907255828	18.379083984375	1.10299256630242
51.4119987487793	1.68750004377216	18.3871484375	1.10601226333529
51.5120010375977	1.69086910318583	18.382173828125	1.10883766319603
51.6119995117188	1.69423827901483	18.385900390625	1.11168285366148
51.7120018005371	1.69721676502377	18.3762421875	1.11425796058029
51.8120002746582	1.70058594085276	18.3760078125	1.11684412695467
51.9119987487793	1.70361332129687	18.3719140625	1.11960887443274
52.0120010375977	1.70683593023568	18.37316015625	1.12266535870731
52.1119995117188	1.70961918774992	18.36153515625	1.12481298856437
52.2120018005371	1.71293946914375	18.367546875	1.12729647662491
52.3120002746582	1.71635742299259	18.372638671875	1.13018229603767
52.4119987487793	1.72021484468132	18.391216796875	1.13320327363908
52.5120010375977	1.72382814344019	18.39796875	1.1359826894477
52.6119995117188	1.72758789267391	18.4067734375	1.13901728764176
52.7120018005371	1.73071294557303	18.398669921875	1.14175898488611
52.8120002746582	1.73413089942187	18.398763671875	1.14444899372756
52.9119987487793	1.73730473034084	18.3915078125	1.14735355600715
53.0120010375977	1.74062501173466	18.395697265625	1.15012854803354
53.1119995117188	1.74340815283358	18.3822109375	1.15249003283679
53.2120018005371	1.7465332057327	18.380150390625	1.15529506001621
53.3120002746582	1.74956058617681	18.374630859375	1.15757738240063
53.4119987487793	1.75322266295552	18.3872421875	1.1603906750679
53.5120010375977	1.75688473973423	18.396376953125	1.16347963921726
53.6119995117188	1.76074216142297	18.41071875	1.16626580711454
53.7120018005371	1.7639648867771	18.404240234375	1.16910540964454
53.8120002746582	1.7675292911008	18.40751953125	1.1720530455932
53.9119987487793	1.77070312201977	18.401642578125	1.17482605855912
54.0120010375977	1.77387695293874	18.39983984375	1.17752177175134
54.1119995117188	1.77675776649266	18.387169921875	1.17996369954199
54.2120018005371	1.78007816430181	18.38869140625	1.18267920333892
54.3120002746582	1.78315432276577	18.387568359375	1.18533161003143
54.4119987487793	1.78657227661461	18.39268359375	1.18818960618228
54.5120010375977	1.78979488555342	18.39272265625	1.19082687888294
54.6119995117188	1.79345707874745	18.405712890625	1.19376752991229
54.7120018005371	1.79682613816112	18.4067109375	1.19665579404682
54.8120002746582	1.800537109375	18.419748046875	1.19956966955215
54.9119987487793	1.80380861274898	18.414158203125	1.20236317161471
55.0120010375977	1.80727534461766	18.416341796875	1.2050406076014
55.1119995117188	1.81025394704193	18.40473828125	1.20771420188248
55.2120018005371	1.81357422843575	18.408396484375	1.21039885561913
55.3120002746582	1.81674805935472	18.402875	1.2130931718275
55.4119987487793	1.8204590305686	18.416708984375	1.21609156485647
55.5120010375977	1.82382808998227	18.417666015625	1.2187771499157
55.6119995117188	1.82739261072129	18.4200234375	1.22194364666939
55.7120018005371	1.83046876918525	18.412197265625	1.22444215230644
55.8120002746582	1.8339843954891	18.418181640625	1.2276106281206
55.9119987487793	1.83735357131809	18.41771875	1.23014114797115
56.0120010375977	1.84077152516693	18.41751953125	1.23298703692853
56.1119995117188	1.8437011167407	18.40991015625	1.23547622933984
56.2120018005371	1.8470702925697	18.412466796875	1.23822677414864
56.3120002746582	1.85009767301381	18.407611328125	1.24098442029208
56.4119987487793	1.85356440488249	18.4113125	1.24379096087068
56.5120010375977	1.85688480269164	18.415408203125	1.24644779134542
56.6119995117188	1.86059565749019	18.42625	1.24932697508484
56.7120018005371	1.8636230379343	18.41555078125	1.25207740347832
56.8120002746582	1.86689454130828	18.41306640625	1.25479581765831
56.9119987487793	1.86992192175239	18.411142578125	1.25751900486648
57.0120010375977	1.87338865362108	18.41496875	1.26006628852338
57.1119995117188	1.87656248454005	18.414328125	1.26277608796954
57.2120018005371	1.87993166036904	18.425298828125	1.26550544518977
57.3120002746582	1.88310549128801	18.41828125	1.26852793619037
57.4119987487793	1.88676756806672	18.425689453125	1.27137242816389
57.5120010375977	1.89018552191556	18.427609375	1.27413670998067
57.6119995117188	1.89370114821941	18.43245703125	1.27721973694861
57.7120018005371	1.89672852866352	18.42190234375	1.27986574079841
57.8120002746582	1.90024415496737	18.427732421875	1.28275225870311
57.9119987487793	1.90341798588634	18.42046875	1.28555693663657
58.0120010375977	1.90668948926032	18.418853515625	1.2881534639746
58.1119995117188	1.9095215247944	18.411064453125	1.29060121253133
58.2120018005371	1.91289058420807	18.413763671875	1.29342451691628
58.3120002746582	1.91630853805691	18.4193203125	1.29625364206731
58.4119987487793	1.92016595974565	18.430439453125	1.29911955446005
58.5120010375977	1.9236815860495	18.436205078125	1.30205391906202
58.6119995117188	1.92729488480836	18.44534765625	1.30485801491886
58.7120018005371	1.93032226525247	18.43182421875	1.30761822219938
58.8120002746582	1.93359376862645	18.428658203125	1.31046597380191
58.9119987487793	1.93666992709041	18.41925390625	1.31324410904199
59.0120010375977	1.9400391029194	18.42366015625	1.31575867999345
59.1119995117188	1.94287113845348	18.410015625	1.31837255321443
59.2120018005371	1.94594729691744	18.4147109375	1.32089317776263
59.3120002746582	1.94902345538139	18.413427734375	1.323412056081
59.4119987487793	1.95263675414026	18.42405078125	1.32631580345333
59.5120010375977	1.95644539780915	18.439646484375	1.32922118064016
59.6119995117188	1.9604004919529	18.44874609375	1.33234960958362
59.7120018005371	1.96376955136657	18.44776171875	1.33519608061761
59.8120002746582	1.9674317445606	18.451345703125	1.33836164604872
59.9119987487793	1.97065435349941	18.443927734375	1.34122231975198
60.0120010375977	1.97392585687339	18.43858203125	1.3438721653074
60.1119995117188	1.97675777599216	18.42643359375	1.34672329295427
60.2120018005371	1.98012706823647	18.427435546875	1.34947209153324
60.3120002746582	1.98325188830495	18.423861328125	1.35228887666017
60.4119987487793	1.98666984215379	18.43033203125	1.35469681117684
60.5120010375977	1.98999023996294	18.43066015625	1.35779404081404
60.6119995117188	1.99379888363183	18.44450390625	1.36077962815762
60.7120018005371	1.99726573191583	18.44578125	1.36376253794879
60.8120002746582	2.00097658671439	18.452255859375	1.36663881130517
60.9119987487793	2.00429698452353	18.444212890625	1.36968656443059
61.0120010375977	2.00771493837237	18.44909765625	1.37218122836202
61.1119995117188	2.0105957519263	18.43184765625	1.37501256540418
61.2120018005371	2.01381836086512	18.429900390625	1.37783132959157
61.3120002746582	2.01689451932907	18.42296484375	1.38039060402662
61.4119987487793	2.02045892365277	18.43469921875	1.38314533978701
61.5120010375977	2.02368153259158	18.432998046875	1.38589856214821
61.6119995117188	2.02709971927106	18.43672265625	1.38911779504269
61.7120018005371	2.03012698329985	18.42610546875	1.39173783827573
61.8120002746582	2.03364249318838	18.437716796875	1.39444111846387
61.9119987487793	2.03706044703722	18.440244140625	1.39713857788593
62.0120010375977	2.04062508419156	18.4460390625	1.40029680915177
62.1119995117188	2.04374990426004	18.43795703125	1.40311510767788
62.2120018005371	2.04721675254405	18.443638671875	1.40581501182169
62.3120002746582	2.05043936148286	18.439115234375	1.40857778023928
62.4119987487793	2.0540039986372	18.442451171875	1.41165009699762
62.5120010375977	2.05742195248604	18.445376953125	1.41420448198915
62.6119995117188	2.06108391284943	18.452572265625	1.41744350548834
62.7120018005371	2.06411140970886	18.437455078125	1.42023281659931
62.8120002746582	2.06743157468736	18.438779296875	1.423085690476
62.9119987487793	2.07041017711163	18.428333984375	1.42560235690325
63.0120010375977	2.07382813096046	18.432859375	1.42839842010289
63.1119995117188	2.07695318385959	18.42888671875	1.43117678817362
63.2120018005371	2.08037113770843	18.4348828125	1.43388763535768
63.3120002746582	2.08349619060755	18.43065234375	1.43655051942915
63.4119987487793	2.08715815097094	18.4405234375	1.43942632712424
63.5120010375977	2.09052744321525	18.441046875	1.44252507016063
63.6119995117188	2.09404295310378	18.444123046875	1.44532276317477
63.7120018005371	2.09702155552804	18.4332734375	1.44765945151448
63.8120002746582	2.10048817098141	18.44175	1.450524199754
63.9119987487793	2.10361322388053	18.43437109375	1.45321269519627
64.0120010375977	2.10683583281934	18.432951171875	1.45620747935027
64.1119995117188	2.10966798476875	18.4208203125	1.45863660145551
64.2119979858398	2.1129883825779	18.425671875	1.46118283737451
64.3119964599609	2.11635744199157	18.4300390625	1.46380730438977
64.4120025634766	2.12016608566046	18.4467890625	1.46701652556658
64.5120010375977	2.12373048998415	18.450328125	1.47013680543751
64.6119995117188	2.12749023921788	18.456318359375	1.47334719076753
64.7119979858398	2.13056639768183	18.443994140625	1.47593556903303
64.8119964599609	2.13403324596584	18.4494921875	1.47885805927217
64.9120025634766	2.13725585490465	18.445564453125	1.48172467015684
65.0120010375977	2.14067380875349	18.443533203125	1.48457300383598
65.1119995117188	2.14355462230742	18.433146484375	1.48731272201985
65.2119979858398	2.14677723124623	18.430435546875	1.48995057679713
65.3119964599609	2.14985362254083	18.42904296875	1.49263942148536
65.4120025634766	2.15361337177455	18.442380859375	1.49565131869167
65.5120010375977	2.15727533213794	18.448201171875	1.49854063056409
65.6119995117188	2.16103508137167	18.45836328125	1.50185555685312
65.7119979858398	2.16416013427079	18.446501953125	1.5046299668029
65.8119964599609	2.16762698255479	18.4521875	1.50737725198269
65.9120025634766	2.17065424658358	18.440921875	1.51044817175716
66.0120010375977	2.1737792994827	18.439060546875	1.51286309119314
66.1119995117188	2.17661121860147	18.426357421875	1.51556986384094
66.2119979858398	2.17993161641061	18.42915625	1.51861819904298
66.3119964599609	2.18305666930974	18.4260859375	1.5210829442367
66.4120025634766	2.18647462315857	18.432298828125	1.52386061381549
66.5120010375977	2.18979502096772	18.439052734375	1.52656016871333
66.6119995117188	2.19365232624114	18.45067578125	1.52959278784692
66.7119979858398	2.19711917452514	18.451095703125	1.53269967995584
66.8119964599609	2.20087892375886	18.4580859375	1.53581600170583
66.9120025634766	2.20415042713284	18.4531171875	1.53871066868305
67.0120010375977	2.20756838098168	18.45514453125	1.54150975868106
67.1119995117188	2.21049808897078	18.439650390625	1.54435238800943
67.2119979858398	2.21376959234476	18.439431640625	1.54723681043833
67.3119964599609	2.21679685637355	18.432302734375	1.55000074300915
67.4120025634766	2.22041015513241	18.44225	1.55280344188213
67.5120010375977	2.22373055294156	18.44059765625	1.5556839061901
67.6119995117188	2.22724606283009	18.443201171875	1.55850686132908
67.7119979858398	2.23027332685888	18.435734375	1.56136753503233
67.8119964599609	2.23378906957805	18.441115234375	1.56392436474562
67.9120025634766	2.23720702342689	18.43974609375	1.56700983643532
68.0120010375977	2.24072276614606	18.44490625	1.57001800835133
68.1119995117188	2.24370113573968	18.435548828125	1.57273025251925
68.2119979858398	2.247070427984	18.435193359375	1.57573516480625
68.3119964599609	2.25009769201279	18.429435546875	1.57818710431457
68.4120025634766	2.25351564586163	18.433638671875	1.58099981490523
68.5120010375977	2.25673825480044	18.431619140625	1.58389541320503
68.6119995117188	2.2603515535593	18.437896484375	1.58717017620802
68.7119979858398	2.2632812615484	18.43062109375	1.58946728333831
68.8119964599609	2.26645497605205	18.427888671875	1.5922614838928
68.9120025634766	2.26948247291148	18.420921875	1.59493705723435
69.0120010375977	2.27290042676032	18.427751953125	1.59798294771463
69.1119995117188	2.2761719301343	18.429330078125	1.60051428247243
69.2119979858398	2.27968744002283	18.433263671875	1.60344736650586
69.3119964599609	2.28300783783197	18.432623046875	1.60628836601973
69.4120025634766	2.2867675870657	18.444953125	1.6092446167022
69.5120010375977	2.29033199138939	18.44573046875	1.61226082127541
69.6119995117188	2.29399418458343	18.451755859375	1.61526759620756
69.7119979858398	2.29716789908707	18.442337890625	1.6181314131245
69.8119964599609	2.30073253624141	18.444265625	1.62117707077414
69.9120025634766	2.30380869470537	18.435658203125	1.62401725538075
70.0120010375977	2.3070799652487	18.435744140625	1.62672332953662
70.1119995117188	2.30981456115842	18.42001953125	1.6293847002089
70.2119979858398	2.31318362057209	18.424521484375	1.63234514184296
70.3119964599609	2.31655267998576	18.429107421875	1.63521466311067
70.4120025634766	2.32041021808982	18.443451171875	1.63836753927171
70.5120010375977	2.32392572797835	18.445169921875	1.64137175306678
70.6119995117188	2.32763681560755	18.451052734375	1.6443288186565
70.7119979858398	2.33076163567603	18.441162109375	1.64708693046123
70.8119964599609	2.33413092792034	18.4378515625	1.64988019969314
70.9120025634766	2.33735353685915	18.43494140625	1.65286322589964
71.0120010375977	2.34072259627283	18.43487109375	1.65575812570751
71.1119995117188	2.34350585378706	18.42323046875	1.65850785560906
71.2119979858398	2.34667980112135	18.418189453125	1.66124233510345
71.3119964599609	2.34965817071497	18.41576953125	1.66374223772436
71.4120025634766	2.35336902551353	18.42875	1.66672142222524
71.5120010375977	2.35703121870756	18.437126953125	1.66977033950388
71.6119995117188	2.36088875681162	18.450009765625	1.67313579004258
71.7119979858398	2.3641602601856	18.4452265625	1.67604361195117
71.8119964599609	2.36777332611382	18.449333984375	1.679134555161
71.9120025634766	2.37099616788328	18.438037109375	1.68196100275964
72.0120010375977	2.37426767125726	18.43398828125	1.68511702213436
72.1119995117188	2.37724604085088	18.42452734375	1.68797071091831
72.2119979858398	2.38066399469972	18.425087890625	1.69073464348912
72.3119964599609	2.38383794203401	18.4231171875	1.6935879830271
72.4120025634766	2.38735345192254	18.430705078125	1.69655424542725
72.5120010375977	2.39067384973168	18.4274140625	1.69931421987712
72.6119995117188	2.39438470453024	18.438494140625	1.70255720149726
72.7119979858398	2.39770510233939	18.433078125	1.7053356859833
72.8119964599609	2.40122061222792	18.43357421875	1.7084360588342
72.9120025634766	2.40439455956221	18.425	1.71144760679454
73.0120010375977	2.40766606293619	18.421654296875	1.71445787418634
73.1119995117188	2.41044932045043	18.40950390625	1.71669060364366
73.2119979858398	2.41362303495407	18.4085625	1.71979062724859
73.3119964599609	2.41660163737833	18.402892578125	1.72237388323992
73.4120025634766	2.42016604170203	18.41398046875	1.72535819001496
73.5120010375977	2.42348643951118	18.417166015625	1.72816647682339
73.6119995117188	2.42695305496454	18.41946484375	1.73090840689838
73.7119979858398	2.42998055182397	18.412912109375	1.73377292230725
73.8119964599609	2.43354495614767	18.41746484375	1.73657562118024
73.9120025634766	2.43701180443168	18.422806640625	1.73965923022479
74.0120010375977	2.44052731432021	18.426576171875	1.74264819361269
74.1119995117188	2.44355457834899	18.41877734375	1.74564425833523
74.2119979858398	2.447021426633	18.41924609375	1.74860877450556
74.3119964599609	2.45009758509696	18.4141640625	1.75139494240284
74.4120025634766	2.45361332781613	18.419251953125	1.75427633803338
74.5120010375977	2.4569823872298	18.41771484375	1.75721128471196
74.6119995117188	2.460693474859	18.42795703125	1.75991107244045
74.7119979858398	2.46376963332295	18.41756640625	1.7630459042266
74.8119964599609	2.46713869273663	18.418380859375	1.76584452856332
74.9120025634766	2.47026374563575	18.409375	1.76879798527807
75.0120010375977	2.47377925552428	18.4141640625	1.77161139436066
75.1119995117188	2.47700186446309	18.41518359375	1.77457043901086
75.2119979858398	2.4804687127471	18.4165	1.77762843668461
75.3119964599609	2.48369132168591	18.413671875	1.78056338336319
75.4120025634766	2.48735351487994	18.419302734375	1.78344268351793
75.5120010375977	2.49062501825392	18.418591796875	1.78647972643375
75.6119995117188	2.49404297210276	18.421205078125	1.78941269405186
75.7119979858398	2.49702157452703	18.4073515625	1.79221190046519
75.8119964599609	2.5003906339407	18.408896484375	1.79509806912392
75.9120025634766	2.50341789796948	18.405943359375	1.79794791620225
76.0120010375977	2.50664073973894	18.404421875	1.80076737888157
76.1119995117188	2.5094726588577	18.389697265625	1.80356344208121
76.2119979858398	2.51274416223168	18.39675390625	1.80631980765611
76.3119964599609	2.51621101051569	18.403552734375	1.80915545206517
76.4120025634766	2.52011721022427	18.419265625	1.8125077476725
76.5120010375977	2.5237794034183	18.4215	1.81563838850707
76.6119995117188	2.52758781425655	18.433041015625	1.81884097401053
76.7119979858398	2.53081065602601	18.4206328125	1.82188069447875
76.8119964599609	2.53422860987484	18.423541015625	1.82513950858265
76.9120025634766	2.53745121881366	18.41704296875	1.82783114723861
77.0120010375977	2.54077138379216	18.415244140625	1.83106958866119
77.1119995117188	2.54360353574157	18.4013984375	1.83371885214001
77.2119979858398	2.54672858864069	18.396875	1.83665042277426
77.3119964599609	2.54975585266948	18.38805859375	1.83937232941389
77.4120025634766	2.55341804586351	18.401171875	1.84236606582999
77.5120010375977	2.55703134462237	18.4073671875	1.84535223525017
77.6119995117188	2.56083975546062	18.41664453125	1.84861547313631
77.7119979858398	2.56401370279491	18.40910546875	1.85156578663737
77.8119964599609	2.56752921268344	18.412373046875	1.85460946522653
77.9120025634766	2.57060537114739	18.39711328125	1.85758911538869
78.0120010375977	2.57373042404652	18.395302734375	1.8605156801641
78.1119995117188	2.57656257599592	18.381998046875	1.86297600157559
78.2119979858398	2.5798340793699	18.38536328125	1.86604901682585
78.3119964599609	2.58291023783386	18.38062109375	1.86864880379289
78.4120025634766	2.58623040281236	18.383341796875	1.87142193317413
78.5120010375977	2.58940435014665	18.384962890625	1.87414884567261
78.6119995117188	2.59306631051004	18.3907890625	1.87731976620853
78.7119979858398	2.59648426435888	18.3945546875	1.88019534107298
78.8119964599609	2.60014645755291	18.399927734375	1.8834377406165
78.9120025634766	2.60341796092689	18.394837890625	1.88642740249634
79.0120010375977	2.60693370364606	18.39784765625	1.88928062561899
79.1119995117188	2.60996096767485	18.38933203125	1.89217261504382
79.2119979858398	2.61323247104883	18.3866328125	1.89500697888434
79.3119964599609	2.61640618555248	18.380041015625	1.89783447422087
79.4120025634766	2.62001948431134	18.39298046875	1.90105428919196
79.5120010375977	2.62348633259535	18.38926171875	1.90375884994864
79.6119995117188	2.62705073691905	18.39532421875	1.90684793051332
79.7119979858398	2.630126895383	18.389126953125	1.90988485701382
79.8119964599609	2.63364263810217	18.39178515625	1.91300711594522
79.9120025634766	2.63706059195101	18.3905546875	1.91596534568816
80.0120010375977	2.64057610183954	18.393181640625	1.91896723117679
80.1119995117188	2.64355470426381	18.381822265625	1.92174105904996
80.2119979858398	2.64697265811265	18.38182421875	1.92478997632861
80.3119964599609	2.64999992214143	18.374	1.92770571447909
80.4120025634766	2.65346677042544	18.3786796875	1.93057104479522
80.5120010375977	2.65683582983911	18.38056640625	1.93370983470231
80.6119995117188	2.66054691746831	18.3910625	1.93676305934787
80.7119979858398	2.6635741814971	18.38018359375	1.93968135863543
80.8119964599609	2.66689457930624	18.379513671875	1.94286869373173
80.9120025634766	2.6699707377702	18.368490234375	1.94565486162901
81.0120010375977	2.6735351420939	18.3761640625	1.94855791050941
81.1119995117188	2.67675775103271	18.375072265625	1.95161229930818
81.2119979858398	2.68022459931672	18.378736328125	1.95474899373949
81.3119964599609	2.68344720825553	18.37630859375	1.95755995810032
81.4120025634766	2.68720695748925	18.382294921875	1.96082354523242
81.5120010375977	2.69067380577326	18.383259765625	1.96391623467207
81.6119995117188	2.69418954849243	18.384259765625	1.96702242828906
81.7119979858398	2.69736326299608	18.37791796875	1.97002291679382
81.8119964599609	2.70087900571525	18.37579296875	1.9731861539185
81.9120025634766	2.7040527202189	18.373908203125	1.97619129903615
82.0120010375977	2.70732422359288	18.373181640625	1.97922228835523
82.1119995117188	2.71020503714681	18.35856640625	1.9820926245302
82.2119979858398	2.71367188543081	18.362474609375	1.98490032926202
82.3119964599609	2.71713873371482	18.368603515625	1.98824913240969
82.4120025634766	2.72099603898823	18.377646484375	1.99135136790574
82.5120010375977	2.72451178170741	18.3760546875	1.99463777244091
82.6119995117188	2.72802729159594	18.3799453125	1.99781521223485
82.7119979858398	2.73105478845537	18.364529296875	2.00095749460161
82.8119964599609	2.7343260589987	18.362630859375	2.00365553610027
82.9120025634766	2.7374024502933	18.35487109375	2.00676778331399
83.0120010375977	2.74067372083664	18.353546875	2.00954941101372
83.1119995117188	2.74340831674635	18.340927734375	2.01230542734265
83.2119979858398	2.74648447521031	18.33725	2.01506423763931
83.3119964599609	2.74946284480393	18.333125	2.01780046336353
83.4120025634766	2.75312503799796	18.3451171875	2.02074367552996
83.5120010375977	2.75688478723168	18.353396484375	2.02386151067913
83.6119995117188	2.7607420925051	18.36749609375	2.02727015130222
83.7119979858398	2.76406249031425	18.362994140625	2.03027599491179
83.8119964599609	2.76767578907311	18.3650859375	2.03347322531044
83.9120025634766	2.77080084197223	18.356666015625	2.03632586635649
84.0120010375977	2.77402345091105	18.352484375	2.03927280381322
84.1119995117188	2.77685537002981	18.335509765625	2.04233452677727
84.2119979858398	2.78017576783895	18.33817578125	2.04495131038129
84.3119964599609	2.78325192630291	18.33444140625	2.04775296151638
84.4120025634766	2.78671877458692	18.334908203125	2.05095112323761
84.5120010375977	2.78994138352573	18.33631640625	2.05391901545227
84.6119995117188	2.79370113275945	18.3505390625	2.05730996094644
84.7119979858398	2.79716798104346	18.348189453125	2.06002383492887
84.8119964599609	2.80083017423749	18.353900390625	2.06349836662412
84.9120025634766	2.80410167761147	18.347236328125	2.06638942472637
85.0120010375977	2.80747073702514	18.3461640625	2.06952495500445
85.1119995117188	2.81040044501424	18.33059765625	2.07243510521948
85.2119979858398	2.81362305395305	18.328619140625	2.07545328885317
85.3119964599609	2.81669921241701	18.322580078125	2.07849056459963
85.4120025634766	2.8202636167407	18.332427734375	2.08122679032385
85.5120010375977	2.82353512011468	18.33208203125	2.08420935086906
85.6119995117188	2.82695307396352	18.3343515625	2.08730204030871
85.7119979858398	2.82993167638779	18.32444921875	2.0900689996779
85.8119964599609	2.83339852467179	18.328662109375	2.09323642775416
85.9120025634766	2.83686514012516	18.333861328125	2.09655496291816
86.0120010375977	2.84047843888402	18.33750390625	2.09965929389
86.1119995117188	2.84360349178314	18.331279296875	2.10260995663702
86.2119979858398	2.84711923450232	18.331890625	2.10593733936548
86.3119964599609	2.85029294900596	18.32795703125	2.10906285792589
86.4120025634766	2.85390624776483	18.32925390625	2.11202865466475
86.5120010375977	2.85737309604883	18.33036328125	2.11524381302297
86.6119995117188	2.86108395084739	18.336263671875	2.11848551407456
86.7119979858398	2.86416010931134	18.322474609375	2.12159450165927
86.8119964599609	2.86743161268532	18.320150390625	2.12470255792141
86.9120025634766	2.87050777114928	18.312650390625	2.12779082357883
87.0120010375977	2.87397461943328	18.314765625	2.1309528965503
87.1119995117188	2.8771972283721	18.3108828125	2.13392823934555
87.2119979858398	2.88061518222094	18.311888671875	2.13669915683568
87.3119964599609	2.88378912955523	18.308134765625	2.14005168527365
87.4120025634766	2.88749998435378	18.315625	2.14337627403438
87.5120010375977	2.89086904376745	18.315791015625	2.14651343412697
87.6119995117188	2.89433589205146	18.314392578125	2.14973860420287
87.7119979858398	2.89736338891089	18.303662109375	2.15272349305451
87.8119964599609	2.90083000436425	18.30691015625	2.15610419400036
87.9120025634766	2.90395505726337	18.2983984375	2.15865788049996
88.0120010375977	2.90712900459766	18.295681640625	2.16201483272016
88.1119995117188	2.90986336767673	18.28156640625	2.16473522596061
88.2119979858398	2.91323242709041	18.28398828125	2.16769729740918
88.3119964599609	2.91655282489955	18.2862265625	2.17086938209832
88.4120025634766	2.9203612357378	18.300720703125	2.17393459752202
88.5120010375977	2.92382808402181	18.30021875	2.17731622979045
88.6119995117188	2.92749027721584	18.304447265625	2.18053930439055
88.7119979858398	2.93061533011496	18.294955078125	2.18331604264677
88.8119964599609	2.9340332839638	18.292931640625	2.18668836168945
88.9120025634766	2.93725589290261	18.286681640625	2.18970328569412
89.0120010375977	2.94067384675145	18.288640625	2.19267606735229
89.1119995117188	2.94350576587021	18.27334765625	2.19542579725385
89.2119979858398	2.94672860763967	18.270291015625	2.19875038601458
89.3119964599609	2.94980476610363	18.26870703125	2.20147962681949
89.4120025634766	2.95356451533735	18.27642578125	2.20468384213746
89.5120010375977	2.95722647570074	18.282291015625	2.20792554318905
89.6119995117188	2.96098622493446	18.29199609375	2.21122871153057
89.7119979858398	2.96411127783358	18.281447265625	2.21438589505851
89.8119964599609	2.96757812611759	18.27829296875	2.2176206111908
89.9120025634766	2.97065428458154	18.26817578125	2.22054170444608
90.0120010375977	2.97382823191583	18.2667421875	2.22352985292673
90.1119995117188	2.97661125659943	18.24898828125	2.22637760452926
90.2119979858398	2.97988275997341	18.24940234375	2.22939462400973
90.3119964599609	2.98300781287253	18.246642578125	2.23230849951506
90.4120025634766	2.98647466115654	18.252134765625	2.23524868488312
90.5120010375977	2.98979482613504	18.252666015625	2.23815091885626
90.6119995117188	2.99355457536876	18.264630859375	2.24156677722931
90.7119979858398	2.99702142365277	18.26423046875	2.24478426389396
90.8119964599609	3.00078117288649	18.271248046875	2.2482133936137
90.9120025634766	3.00410157069564	18.265640625	2.25151726044714
91.0120010375977	3.00751952454448	18.26280078125	2.25470727309585
91.1119995117188	3.01044923253357	18.248427734375	2.25759693421423
91.2119979858398	3.01372073590755	18.24387109375	2.26059718988836
91.3119964599609	3.01684578880668	18.23719921875	2.26396648213267
91.4120025634766	3.02050774917006	18.245447265625	2.26712669245899
91.5120010375977	3.02382814697921	18.243580078125	2.27030669339001
91.6119995117188	3.02734365686774	18.245060546875	2.27342336438596
91.7119979858398	3.03046870976686	18.237830078125	2.27671000175178
91.8119964599609	3.03408200852573	18.243572265625	2.27996427565813
91.9120025634766	3.03754885680974	18.2407421875	2.28336011059582
92.0120010375977	3.04106436669827	18.24481640625	2.28666677139699
92.1119995117188	3.0440918635577	18.230376953125	2.2894274443388
92.2119979858398	3.04755847901106	18.23153515625	2.29289592243731
92.3119964599609	3.05068353191018	18.223298828125	2.29601887986064
92.4120025634766	3.05415038019419	18.22241015625	2.29911296628416
92.5120010375977	3.05742188356817	18.219859375	2.30238260701299
92.6119995117188	3.06098628789186	18.2253671875	2.3058014921844
92.7119979858398	3.06396489031613	18.212037109375	2.308668801561
92.8119964599609	3.06718749925494	18.210240234375	2.31188884936273
92.9120025634766	3.07016610167921	18.200044921875	2.31479946523905
93.0120010375977	3.07363271713257	18.2048359375	2.31789471581578
93.1119995117188	3.07680666446686	18.198275390625	2.32107494957745
93.2119979858398	3.08032217435539	18.2030390625	2.32414714992046
93.3119964599609	3.08359367772937	18.1982421875	2.32733087614179
93.4120025634766	3.08735342696309	18.208833984375	2.33090645633638
93.5120010375977	3.0908202752471	18.20555859375	2.33403663150966
93.6119995117188	3.09438467957079	18.20678125	2.33731279149652
93.7119979858398	3.09746083803475	18.19534765625	2.34036007896066
93.8119964599609	3.10092768631876	18.19569921875	2.34373565763235
93.9120025634766	3.10400384478271	18.183330078125	2.34691938385367
94.0120010375977	3.10722645372152	18.177259765625	2.34998436644673
94.1119995117188	3.10996104963124	18.160982421875	2.35275737941265
94.2119979858398	3.11328121460974	18.164666015625	2.35587661154568
94.3119964599609	3.11660161241889	18.1644921875	2.35876720398664
94.4120025634766	3.12041025608778	18.1738125	2.36240751110017
94.5120010375977	3.12387687154114	18.1750859375	2.3655598051846
94.6119995117188	3.12753906473517	18.179841796875	2.3691151291132
94.7119979858398	3.13056632876396	18.166740234375	2.37208418548107
94.8119964599609	3.13393562100828	18.16259375	2.37508676946163
94.9120025634766	3.13710933551192	18.153482421875	2.37826467491686
95.0120010375977	3.14042973332107	18.15433203125	2.38123605959117
95.1119995117188	3.14326165243983	18.141619140625	2.3843941744417
95.2119979858398	3.14638670533895	18.13374609375	2.38725333474576
95.3119964599609	3.14936530776322	18.128408203125	2.39008385688066
95.4120025634766	3.15292971208692	18.133205078125	2.39336723461747
95.5120010375977	3.15664056688547	18.14490625	2.39663477987051
95.6119995117188	3.16044921055436	18.15348046875	2.40006786771119
95.7119979858398	3.16367181949317	18.14534765625	2.4030536878854
95.8119964599609	3.16728511825204	18.1467578125	2.40664882585406
95.9120025634766	3.17055662162602	18.136609375	2.41013569757342
96.0120010375977	3.173828125	18.1337421875	2.41334363818169
96.1119995117188	3.1767578329891	18.11777734375	2.41643004119396
96.2119979858398	3.18017578683794	18.116896484375	2.41975346580148
96.3119964599609	3.18339839577675	18.113123046875	2.42283823899925
96.4120025634766	3.18696280010045	18.1161953125	2.42626434192061
96.5120010375977	3.19028319790959	18.110896484375	2.42940871976316
96.6119995117188	3.19404294714332	18.118958984375	2.43275472894311
96.7119979858398	3.19741200655699	18.109697265625	2.43598665110767
96.8119964599609	3.20097664371133	18.11508984375	2.4395773652941
96.9120025634766	3.20415035821497	18.102328125	2.44268053211272
97.0120010375977	3.20742186158895	18.096337890625	2.44598230347037
97.1119995117188	3.21020511910319	18.084642578125	2.44903075508773
97.2119979858398	3.21337883360684	18.078716796875	2.45229480788112
97.3119964599609	3.21645499207079	18.071927734375	2.45520239695907
97.4120025634766	3.22001962922513	18.07537109375	2.45875283144414
97.5120010375977	3.22338868863881	18.073296875	2.4620748590678
97.6119995117188	3.2269530929625	18.0773046875	2.4655731394887
97.7119979858398	3.23002925142646	18.06565234375	2.46855476871133
97.8119964599609	3.23364255018532	18.067267578125	2.47178436256945
97.9120025634766	3.23710939846933	18.068806640625	2.47542466968298
98.0120010375977	3.24072269722819	18.0701875	2.47887312434614
98.1119995117188	3.24370106682181	18.05374609375	2.48202588409185
98.2119979858398	3.24716791510582	18.0518046875	2.48529831878841
98.3119964599609	3.25024407356977	18.04428125	2.48866435140371
98.4120025634766	3.25375981628895	18.041775390625	2.49186949804425
98.5120010375977	3.25712887570262	18.037806640625	2.49518034979701
98.6119995117188	3.26083973050117	18.043046875	2.49865744262934
98.7119979858398	3.26386722736061	18.0269375	2.50166258774698
98.8119964599609	3.26718739233911	18.022306640625	2.50529241748154
98.9120025634766	3.27026378363371	18.012103515625	2.5081941857934
99.0120010375977	3.27377929352224	18.009146484375	2.51133483834565
99.1119995117188	3.27700190246105	18.005572265625	2.51472764648497
99.2119979858398	3.28046875074506	18.006970703125	2.51790904439986
99.3119964599609	3.28369135968387	17.998478515625	2.52125412225723
99.4120025634766	3.2873535528779	18.002900390625	2.5244674179703
99.5120010375977	3.29067371785641	17.99525390625	2.52790166996419
99.6119995117188	3.29414056614041	17.99528515625	2.5312015786767
99.7119979858398	3.29707027412951	17.978890625	2.53415713086724
99.8119964599609	3.30048822797835	17.974388671875	2.53769685514271
99.9120025634766	3.30351572483778	17.967642578125	2.54081701859832
100.012001037598	3.30673833377659	17.960443359375	2.54392763599753
100.111999511719	3.30952159129083	17.94396875	2.54687527194619
100.21199798584	3.31284175626934	17.94725390625	2.55011417903006
100.311996459961	3.31625971011817	17.94758984375	2.55314260721207
100.412002563477	3.32011724822223	17.95553515625	2.55659152753651
100.512001037598	3.32377920858562	17.957521484375	2.56001949310303
100.611999511719	3.32758785225451	17.957875	2.56372219882905
100.71199798584	3.3307617995888	17.9473203125	2.5671748444438
100.811996459961	3.33417975343764	17.940578125	2.57013714872301
100.912002563477	3.33735346794128	17.930884765625	2.57360260002315
101.012001037598	3.3407227601856	17.92409375	2.57727061398327
101.111999511719	3.34355467930436	17.907470703125	2.58007063530385
101.21199798584	3.34672862663865	17.899154296875	2.58345785550773
101.311996459961	3.34970699623227	17.89126171875	2.58650933392346
101.412002563477	3.35346674546599	17.89637890625	2.5898264721036
101.512001037598	3.35717783309519	17.90039453125	2.59312451817095
101.611999511719	3.36098624393344	17.9064140625	2.59694224223495
101.71199798584	3.3642090857029	17.89201953125	2.6002258528024
101.811996459961	3.36782215163112	17.891181640625	2.60380422696471
101.912002563477	3.37099609896541	17.876755859375	2.60722846724093
102.012001037598	3.37416981346905	17.866013671875	2.6106417644769
102.111999511719	3.37700196541846	17.8488828125	2.61352560482919
102.21199798584	3.38032236322761	17.84547265625	2.61686951853335
102.311996459961	3.38344718329608	17.833591796875	2.62004253454506
102.412002563477	3.38691403158009	17.837498046875	2.6230791117996
102.512001037598	3.39008797891438	17.82890625	2.62635084800422
102.611999511719	3.3938477281481	17.833958984375	2.63035320676863
102.71199798584	3.39721678756177	17.8296015625	2.63365730643272
102.811996459961	3.40092764236033	17.8291015625	2.63700145296752
102.912002563477	3.40419914573431	17.817138671875	2.64038424938917
103.012001037598	3.40761709958315	17.814375	2.64390162192285
103.111999511719	3.41054680757225	17.79330078125	2.64722784049809
103.21199798584	3.41386720538139	17.78902734375	2.65046488493681
103.311996459961	3.41704091988504	17.7779375	2.65374919399619
103.412002563477	3.42070311307907	17.781419921875	2.65718065202236
103.512001037598	3.42402351088822	17.77390625	2.66037648543715
103.611999511719	3.42749012634158	17.767828125	2.66371830366552
103.71199798584	3.43051762320101	17.7528359375	2.66700424253941
103.811996459961	3.43403313308954	17.751349609375	2.67061986960471
103.912002563477	3.43735353089869	17.74512890625	2.67366389743984
104.012001037598	3.44072259031236	17.740130859375	2.67719011753798
104.111999511719	3.44360340386629	17.7216875	2.68011703155935
104.21199798584	3.44697269611061	17.71600390625	2.68361368216574
104.311996459961	3.44999996013939	17.704353515625	2.68660834990442
104.412002563477	3.45341791398823	17.703443359375	2.6901182718575
104.512001037598	3.45673831179738	17.700802734375	2.6933008339256
104.611999511719	3.46040050499141	17.700912109375	2.69684055820107
104.71199798584	3.46347666345537	17.689306640625	2.70008551888168
104.811996459961	3.46679682843387	17.675837890625	2.7032068464905
104.912002563477	3.4698243252933	17.668427734375	2.70650372840464
105.012001037598	3.47329094074667	17.663650390625	2.70987208932638
105.111999511719	3.47656244412065	17.661759765625	2.71296431310475
105.21199798584	3.48007818683982	17.6588203125	2.71662534214556
105.311996459961	3.48325190134346	17.6456171875	2.72008311003447
105.412002563477	3.4869140945375	17.64691015625	2.72345030680299
105.512001037598	3.4903809428215	17.64265234375	2.72669340483844
105.611999511719	3.49399424158037	17.64040234375	2.73055350407958
105.71199798584	3.49707040004432	17.61908203125	2.73359031416476
105.811996459961	3.50058590993285	17.615404296875	2.73724622093141
105.912002563477	3.50371096283197	17.598765625	2.74028652347624
106.012001037598	3.50703136064112	17.592982421875	2.74375244043767
106.111999511719	3.50986327975988	17.57451171875	2.7469692286104
106.21199798584	3.51328123360872	17.569435546875	2.7504563331604
106.311996459961	3.51665029302239	17.564576171875	2.75368895381689
106.412002563477	3.52045893669128	17.572384765625	2.75735114701092
106.512001037598	3.52397467941046	17.565880859375	2.76101799681783
106.611999511719	3.52758797816932	17.561138671875	2.76441336609423
106.71199798584	3.53061524219811	17.54168359375	2.76798941195011
106.811996459961	3.53388674557209	17.53133203125	2.77132634073496
106.912002563477	3.53701179847121	17.516482421875	2.77460901997983
107.012001037598	3.54033196344972	17.509283203125	2.77799041941762
107.111999511719	3.54316411539912	17.4898515625	2.7810144238174
107.21199798584	3.54628916829824	17.481751953125	2.78432038612664
107.311996459961	3.54931643232703	17.472314453125	2.78733903542161
107.412002563477	3.55302728712559	17.47783203125	2.79091158881783
107.512001037598	3.55678703635931	17.4797734375	2.79460824094713
107.611999511719	3.56074213050306	17.48526171875	2.79829744249582
107.71199798584	3.56401363387704	17.469232421875	2.80179805122316
107.811996459961	3.56767582707107	17.46178515625	2.8057002928108
107.912002563477	3.57089843600988	17.444537109375	2.80895549803972
108.012001037598	3.57416993938386	17.43066796875	2.81260372139513
108.111999511719	3.57705075293779	17.407744140625	2.81586404889822
108.21199798584	3.58041981235147	17.401498046875	2.81929573975503
108.311996459961	3.58354486525059	17.387525390625	2.8227255679667
108.412002563477	3.58701171353459	17.38360546875	2.82585993409157
108.512001037598	3.59028321690857	17.37514453125	2.82944366335869
108.611999511719	3.5940429661423	17.376427734375	2.83305672928691
108.71199798584	3.59741202555597	17.364427734375	2.83659878186882
108.811996459961	3.60107421875	17.3638515625	2.84020835533738
108.912002563477	3.60429682768881	17.346041015625	2.84385262057185
109.012001037598	3.60761722549796	17.33473046875	2.84720840863883
109.111999511719	3.61049803905189	17.314330078125	2.85053998231888
109.21199798584	3.61367198638618	17.30083203125	2.85340892150998
109.311996459961	3.61669925041497	17.285841796875	2.85692233592272
109.412002563477	3.6202147603035	17.281568359375	2.8602285310626
109.512001037598	3.62343760207295	17.278595703125	2.86378571763635
109.611999511719	3.62690421752632	17.269044921875	2.86714755930007
109.71199798584	3.62988281995058	17.2519296875	2.87017179653049
109.811996459961	3.63330077379942	17.2511953125	2.87381024099886
109.912002563477	3.63671872764826	17.244640625	2.87727080285549
110.012001037598	3.64033202640712	17.241373046875	2.88051622919738
110.111999511719	3.64340818487108	17.22540625	2.88407877087593
110.21199798584	3.64687503315508	17.21886328125	2.88765132427216
110.311996459961	3.65000008605421	17.203521484375	2.8909167740494
110.412002563477	3.6535644903779	17.199564453125	2.89448164403439
110.512001037598	3.65703133866191	17.189384765625	2.89764604531229
110.611999511719	3.66079108789563	17.18627734375	2.90145864710212
110.71199798584	3.66381835192442	17.16983203125	2.90490756742656
110.811996459961	3.66713874973357	17.15521875	2.90823308750987
110.912002563477	3.67021490819752	17.141173828125	2.91154556907713
111.012001037598	3.67368175648153	17.13255078125	2.91511858813465
111.111999511719	3.67685547098517	17.120888671875	2.91863479651511
111.21199798584	3.68022453039885	17.113876953125	2.92202178388834
111.311996459961	3.6834473721683	17.098806640625	2.9252867680043
111.412002563477	3.68710933253169	17.099771484375	2.92885908856988
111.512001037598	3.69052728638053	17.0896484375	2.93220928870142
111.611999511719	3.6940430290997	17.08496875	2.93617090210319
111.71199798584	3.69711918756366	17.06040625	2.93935975059867
111.811996459961	3.70063469745219	17.05369921875	2.94284126721323
111.912002563477	3.70375975035131	17.038453125	2.94637819752097
112.012001037598	3.70703125372529	17.027052734375	2.94984690845013
112.111999511719	3.70981451123953	17.006552734375	2.95302993617952
112.21199798584	3.7131835706532	16.999875	2.95629282481968
112.311996459961	3.71660152450204	16.994998046875	2.95986421406269
112.412002563477	3.72050772421062	16.999275390625	2.96349986456335
112.512001037598	3.72407236136496	16.989146484375	2.9671483207494
112.611999511719	3.72778321616352	16.9832421875	2.97108432278037
112.71199798584	3.73095693066716	16.962291015625	2.97468109056354
112.811996459961	3.73442377895117	16.95534375	2.97843245789409
112.912002563477	3.73769528232515	16.9364453125	2.98203458078206
113.012001037598	3.74106434173882	16.92426953125	2.98556848429143
113.111999511719	3.74394538812339	16.898328125	2.98886396922171
113.21199798584	3.74721689149737	16.887556640625	2.9920251108706
113.311996459961	3.75034171156585	16.874810546875	2.99540557898581
113.412002563477	3.75410146079957	16.877947265625	2.99926428124309
113.512001037598	3.75776365399361	16.87334765625	3.00251063890755
113.611999511719	3.76137695275247	16.867658203125	3.00633511506021
113.71199798584	3.76450200565159	16.846716796875	3.00990557298064
113.811996459961	3.76787106506526	16.830125	3.01347323693335
113.912002563477	3.77080077305436	16.806451171875	3.01681878045201
114.012001037598	3.77387693151832	16.7941953125	3.0199596658349
114.111999511719	3.77666018903255	16.7708828125	3.02327470853925
114.21199798584	3.77993169240654	16.769140625	3.02659207955003
114.311996459961	3.78300785087049	16.758822265625	3.02970595657825
114.412002563477	3.78637691028416	16.751029296875	3.03335557691753
114.512001037598	3.78964841365814	16.744130859375	3.03668831475079
114.611999511719	3.79340816289186	16.745029296875	3.03998426534235
114.71199798584	3.79687501117587	16.735732421875	3.0438369140029
114.811996459961	3.80058586597443	16.73395703125	3.04752099327743
114.912002563477	3.80385736934841	16.71405078125	3.05099366232753
115.012001037598	3.80732421763241	16.701345703125	3.05476388894022
115.111999511719	3.81020503118634	16.675859375	3.05800978094339
115.21199798584	3.81342764012516	16.6613203125	3.0611630063504
115.311996459961	3.81650379858911	16.646634765625	3.06465080939233
115.412002563477	3.82011709734797	16.644998046875	3.06811230257154
115.512001037598	3.82343749515712	16.63279296875	3.07144992984831
115.611999511719	3.82700189948082	16.6253671875	3.07500152848661
115.71199798584	3.83007805794477	16.60670703125	3.07850004173815
115.811996459961	3.83364246226847	16.601380859375	3.08212940581143
115.912002563477	3.83706064894795	16.592830078125	3.0854232609272
116.012001037598	3.84062505327165	16.583177734375	3.0890186317265
116.111999511719	3.84365231730044	16.562302734375	3.09233693405986
116.21199798584	3.84707027114928	16.55290234375	3.09585127979517
116.311996459961	3.85014642961323	16.533705078125	3.09934094548225
116.412002563477	3.85361327789724	16.52509765625	3.10302060097456
116.512001037598	3.85688478127122	16.51370703125	3.1063340138644
116.611999511719	3.86054697446525	16.510607421875	3.11025022529066
116.71199798584	3.86352534405887	16.488396484375	3.1135065946728
116.811996459961	3.86679684743285	16.480537109375	3.11664189212024
116.912002563477	3.86987300589681	16.460255859375	3.12034226953983
117.012001037598	3.87333985418081	16.450052734375	3.12404939904809
117.111999511719	3.87661135755479	16.4415703125	3.12720378860831
117.21199798584	3.88017576187849	16.434255859375	3.1307062599808
117.311996459961	3.88349615968764	16.421921875	3.13456077128649
117.412002563477	3.88735346496105	16.4188515625	3.13823926262558
117.512001037598	3.89086920768023	16.402345703125	3.14191938377917
117.611999511719	3.89448250643909	16.3943515625	3.14584071747959
117.71199798584	3.89765622094274	16.3768896484375	3.14958323724568
117.811996459961	3.90122062526643	16.365130859375	3.15306265838444
117.912002563477	3.90434567816556	16.3434892578125	3.15643684007227
118.012001037598	3.90756828710437	16.32381640625	3.16018750891089
118.111999511719	3.91035154461861	16.298232421875	3.1632783357054
118.21199798584	3.91376949846745	16.2917255859375	3.16688907332718
118.311996459961	3.91713855788112	16.2823447265625	3.17047722637653
118.412002563477	3.92094720155001	16.2797099609375	3.17412125878036
118.512001037598	3.92451183870435	16.2717548828125	3.17772943526506
118.611999511719	3.9280760101974	16.2605615234375	3.18141374737024
118.71199798584	3.93110373988748	16.23674609375	3.18504520691931
118.811996459961	3.93447279930115	16.22251953125	3.18870577029884
118.912002563477	3.93764628097415	16.20210546875	3.19205457344651
119.012001037598	3.94091801717877	16.18871484375	3.19538149051368
119.111999511719	3.94370127469301	16.1680546875	3.19859082810581
119.21199798584	3.94677743315697	16.1532490234375	3.20199457928538
119.311996459961	3.94970690831542	16.1382548828125	3.20498854853213
119.412002563477	3.9533693343401	16.140826171875	3.20830987766385
119.512001037598	3.95703129470348	16.1390419921875	3.2120996620506
119.611999511719	3.96083993837237	16.1326708984375	3.21599328890443
119.71199798584	3.96401388570666	16.11315234375	3.21935676038265
119.811996459961	3.96762695163488	16.1065107421875	3.2231688965112
119.912002563477	3.97080089896917	16.0835400390625	3.22666927240789
120.012001037598	3.97402327507734	16.066765625	3.23015823960304
120.111999511719	3.97695321589708	16.0431796875	3.23327980004251
120.21199798584	3.98037116974592	16.0305	3.23719158768654
120.311996459961	3.98349622264504	16.0159345703125	3.24048241600394
120.412002563477	3.98701149970293	16.0083701171875	3.24383983388543
120.512001037598	3.99028323590755	15.9962958984375	3.24738444760442
120.611999511719	3.99404298514128	15.9948623046875	3.25102685019374
120.71199798584	3.99741204455495	15.976193359375	3.25464247725904
120.811996459961	4.00102557614446	15.964224609375	3.25810117647052
120.912002563477	4.00419905781746	15.942205078125	3.26193263754249
121.012001037598	4.00747079402208	15.925984375	3.26541252434254
121.111999511719	4.01030294597149	15.89721875	3.26868984848261
121.21199798584	4.01352532207966	15.882943359375	3.27204074710608
121.311996459961	4.01655258610845	15.861646484375	3.27549385838211
121.412002563477	4.02011722326279	15.8590205078125	3.27934394590557
121.512001037598	4.02343738824129	15.844537109375	3.28282476402819
121.611999511719	4.02700202539563	15.8369931640625	3.28640383668244
121.71199798584	4.03002928942442	15.8099033203125	3.28994216397405
121.811996459961	4.03359392657876	15.80031640625	3.29337106086314
121.912002563477	4.03706077486277	15.781923828125	3.29735456034541
122.012001037598	4.04067384079099	15.7667119140625	3.30151198431849
122.111999511719	4.04374999925494	15.730982421875	3.30507243052125
122.21199798584	4.04716795310378	15.7145341796875	3.30880074761808
122.311996459961	4.0502930060029	15.684791015625	3.31237842328846
122.412002563477	4.05380874872208	15.6694345703125	3.31605272367597
122.512001037598	4.05722670257092	15.6416533203125	3.32004460506141
122.611999511719	4.06098645180464	15.625029296875	3.32392496056855
122.71199798584	4.06406261026859	15.560353515625	3.32853966392577
122.811996459961	4.06748056411743	15.500904296875	3.33301606588066
122.912002563477	4.07065451145172	15.43672265625	3.33708222024143
123.012001037598	4.07416978850961	15.3856142578125	3.34180914796889
123.111999511719	4.07744152471423	15.3322353515625	3.3459379337728
123.21199798584	4.08090837299824	15.275041015625	3.3505295868963
123.311996459961	4.08417964354157	15.2017421875	3.35498573258519
123.412002563477	4.08784160390496	15.075400390625	3.36080742999911
123.512001037598	4.09121112897992	14.5828876953125	3.37224919348955
123.527000427246	4.09223651513457	-1.57614135742188	3.73497023247182
