File Path: C:\2024\20240314 CTLbio tensile\Test Run 5 03-14-24 16 22 53 PM\DAQ- Time, … - (Timed).txt   
Test: CTLbio_tensile_EC5AA
Test Run: Test Run 5
Date: 3/14/2024 4:20:14 PM


Time 	Crosshead 	Load 	Extensometer 
sec	mm	kN	mm
0.916999995708466	0.00126953125345608	0.0310938663482666	0.000364888904869076
1.01699995994568	0.00273437490250217	0.0674413375854492	0.000565069683489128
1.11699998378754	0.0045410156417347	0.121592330932617	0.0012704903156191
1.21700000762939	0.00654296854918357	0.181154739379883	0.00199754003915587
1.31700003147125	0.00957031261350494	0.274603820800781	0.00317360081680818
1.41700005531311	0.0131347660499159	0.389431427001953	0.00443945145889302
1.51699995994568	0.0167968755704351	0.504213256835938	0.0056483268053853
1.61699998378754	0.0202148439711891	0.614990600585937	0.00715940996087738
1.71700000762939	0.0236816413234919	0.722658264160156	0.00829052260087337
1.81700003147125	0.0271972658083541	0.836468933105469	0.00939887104323134
1.91700005531311	0.0309082024614327	0.951276306152344	0.0110855889943196
2.01699995994568	0.0340332044288516	1.05737707519531	0.0121359589684289
2.11700010299683	0.0375000017811544	1.16449841308594	0.0134521960717393
2.21700000762939	0.0407714833272621	1.26721069335937	0.0147646342156804
2.31699991226196	0.0447753918706439	1.39063500976563	0.0162132655532332
2.41700005531311	0.0488769546791445	1.52084753417969	0.0179303369804984
2.51699995994568	0.0529785138496663	1.65463610839844	0.0195339798665373
2.61700010299683	0.0566406233701855	1.76790197753906	0.0209645750146592
2.71700000762939	0.0603515618422534	1.88808764648437	0.0223425122385379
2.81699991226196	0.0639648424112238	2.00115710449219	0.0238229513342958
2.91700005531311	0.0671386733301915	2.10425024414063	0.0247376628976781
3.01699995994568	0.0706054706824943	2.21137548828125	0.0263714209722821
3.11700010299683	0.0739257811801508	2.31716918945313	0.0274840458587278
3.21700000762939	0.0776367160142399	2.43211328125	0.0289536001218949
3.31699991226196	0.081054684414994	2.54303149414062	0.0303354263451183
3.41700005531311	0.0849609350552782	2.66831884765625	0.0317476515192538
3.51699995994568	0.0885742192622274	2.77966748046875	0.0331393457599916
3.61700010299683	0.0923828119994141	2.9010830078125	0.0346389060723595
3.71700000762939	0.0957519514486194	3.00781176757812	0.0361202437488828
3.81699991226196	0.0991210908978246	3.11281420898437	0.0371373935195152
3.91700005531311	0.102099606010597	3.2058818359375	0.0384396698791534
4.01700019836426	0.105419923784211	3.31290869140625	0.039811846363591
4.11700010299683	0.10864257637877	3.40541821289063	0.0408518462791108
4.21700000762939	0.112304689537268	3.52211376953125	0.0426445112680085
4.31699991226196	0.115673828986473	3.62369702148438	0.0438317147199996
4.41699981689453	0.119091797387227	3.7273837890625	0.0449734870926477
4.51700019836426	0.122167970403098	3.81500439453125	0.0461097588413395
4.61700010299683	0.125781254610047	3.92723559570313	0.0472694337076973
4.71700000762939	0.129296880913898	4.03430639648438	0.049149679398397
4.81699991226196	0.132714849314652	4.13969482421875	0.0501863978570327
4.91699981689453	0.135888665681705	4.2313037109375	0.051186481869081
5.01700019836426	0.139257812406868	4.338544921875	0.0527515330759343
5.11700010299683	0.142480465001427	4.4374501953125	0.0538341046194546
5.21700000762939	0.146044927532785	4.54572119140625	0.0553121753910091
5.31699991226196	0.149609375512227	4.65001708984375	0.0565091577300336
5.41699981689453	0.153076165588573	4.75764404296875	0.0580029081902467
5.51700019836426	0.156201174831949	4.8503759765625	0.0590042400290258
5.61700010299683	0.159423827426508	4.951916015625	0.0602772306592669
5.71700000762939	0.162548822117969	5.04120458984375	0.0614561868133023
5.81699991226196	0.165917968843132	5.1423154296875	0.0629808491794392
5.91699981689453	0.169140621437691	5.23950439453125	0.0639586432953365
6.01700019836426	0.172558589838445	5.3399150390625	0.0648919958621264
6.11700010299683	0.17583007866051	5.442044921875	0.0663204482407309
6.21700000762939	0.17944336286746	5.551763671875	0.0676035924698226
6.31699991226196	0.182861331268214	5.65603125	0.0691779132466763
6.41699981689453	0.18618164176587	5.7575830078125	0.0704368576407433
6.51700019836426	0.189355472684838	5.8553388671875	0.0715969581506215
6.61700010299683	0.192724604858086	5.9563251953125	0.0726581347407773
6.71700000762939	0.195898435777053	6.0515400390625	0.0740163814043626
6.81699991226196	0.199023430468515	6.14675830078125	0.0754570064600557
6.91699981689453	0.201806644327007	6.231373046875	0.0766167504480109
7.01700019836426	0.205273434403352	6.33520849609375	0.0776377128204331
7.11700010299683	0.208740239031613	6.4340302734375	0.0789384430390783
7.21700000762939	0.21264648239594	6.55138818359375	0.0805224335636012
7.31699991226196	0.216259766602889	6.66015576171875	0.0818595362943597
7.41699981689453	0.21977539290674	6.7661611328125	0.0829538548714481
7.51700019836426	0.222998045501299	6.86173779296875	0.0843878151499666
7.61700010299683	0.226416013902053	6.9647138671875	0.0855473554111086
7.71700000762939	0.229785160627216	7.06569921875	0.086932152044028
7.81699991226196	0.232958991546184	7.16323193359375	0.0880557563505135
7.91699981689453	0.235986328334548	7.251845703125	0.0892157695489004
8.01700019836426	0.239160159253515	7.34745703125	0.0903580730664544
8.11699962615967	0.242382811848074	7.44016455078125	0.0915701893973164
8.21700000762939	0.246191397309303	7.5534833984375	0.0928576118894853
8.31700038909912	0.250000011874363	7.66758544921875	0.0942461265367456
8.41699981689453	0.253515638178214	7.7771884765625	0.0956895455601625
8.51700019836426	0.256933592027053	7.87253857421875	0.097051277407445
8.61699962615967	0.26025390252471	7.97292626953125	0.0981846242211759
8.71700000762939	0.263476569671184	8.05036328125	0.0993223729892634
8.81700038909912	0.26640624855645	8.132576171875	0.100450954050757
8.91699981689453	0.269482436124235	8.222806640625	0.101576020824723
9.01700019836426	0.272753910394385	8.3189599609375	0.102828831586521
9.11699962615967	0.275927741313353	8.41119140625	0.104137150628958
9.21700000762939	0.279394531389698	8.5172294921875	0.105243874713778
9.31700038909912	0.282763678114861	8.6126474609375	0.106610816146713
9.41699981689453	0.286425783997402	8.719642578125	0.107824947917834
9.51700019836426	0.28999024652876	8.8242783203125	0.109556240204256
9.61699962615967	0.293457036605105	8.915560546875	0.110539833258372
9.71700000762939	0.296874990453944	9.0131328125	0.111837885924615
9.81700038909912	0.299902341794223	9.102001953125	0.11276490840828
9.91699981689453	0.302978529362008	9.1882197265625	0.113864625745919
10.0170001983643	0.306152331177145	9.282728515625	0.115448943688534
10.1169996261597	0.309423834551126	9.3770869140625	0.116363626148086
10.2170000076294	0.312988267978653	9.482251953125	0.118039715744089
10.3170003890991	0.316406250931323	9.5782841796875	0.119129974336829
10.4169998168945	0.319677725201473	9.67368359375	0.120668155432213
10.5170001983643	0.322802719892934	9.76150390625	0.121534103527665
10.6169996261597	0.326318346196786	9.86045703125	0.122990488307551
10.7170000076294	0.329785165376961	9.962517578125	0.124247802887112
10.8170003890991	0.333007803419605	10.0537490234375	0.125313265016302
10.9169998168945	0.336132798111066	10.1390205078125	0.126555329188704
11.0170001983643	0.339404301485047	10.23230078125	0.127836101455614
11.1169996261597	0.342578132404014	10.31805859375	0.128814819618128
11.2170000076294	0.34604492248036	10.4188427734375	0.130253654788248
11.3170003890991	0.349462876329198	10.51346875	0.131429886096157
11.4169998168945	0.352880859281868	10.612353515625	0.132768327603117
11.5170001983643	0.355957017745823	10.6962890625	0.134068090119399
11.6169996261597	0.359179684892297	10.7901650390625	0.135088892420754
11.7170000076294	0.362304679583758	10.8775986328125	0.136324699269608
11.8170003890991	0.365722662536427	10.9712431640625	0.137528433697298
11.9169998168945	0.369042973034084	11.0613408203125	0.138699353556149
12.0170001983643	0.372558599337935	11.1661015625	0.140064570587128
12.1169996261597	0.375927746063098	11.258533203125	0.141492448165081
12.2170000076294	0.379638659069315	11.3611240234375	0.142731529194862
12.3170003890991	0.383251957828179	11.4594501953125	0.144148245453835
12.4169998168945	0.386669911677018	11.5586689453125	0.145210040500388
12.5170001983643	0.389990222174674	11.64954296875	0.146454171044752
12.6169996261597	0.393310532672331	11.7444072265625	0.147693426697515
12.7170000076294	0.396533199818805	11.8324736328125	0.14881206152495
12.8170003890991	0.39960938738659	11.91698046875	0.149900792166591
12.9169998168945	0.402587902499363	11.99936328125	0.151088053826243
13.0170001983643	0.406005856348202	12.0956728515625	0.152177250129171
13.1169996261597	0.409521482652053	12.1906884765625	0.153464119648561
13.2170000076294	0.4132324247621	12.2960556640625	0.154764245962724
13.3170003890991	0.416845694417134	12.3964765625	0.156129550305195
13.4169998168945	0.42016600491479	12.4875703125	0.157571863383055
13.5170001983643	0.423388672061265	12.5732734375	0.158642767928541
13.6169996261597	0.426660146331415	12.66370703125	0.159605144290254
13.7170000076294	0.430029293056577	12.750099609375	0.161084783030674
13.8170003890991	0.433105480624363	12.8048759765625	0.161673568072729
13.9169998168945	0.436035159509629	12.8424990234375	0.162152864504606
14.0170001983643	0.439208990428597	12.9217998046875	0.163148972205818
14.1169996261597	0.442382821347564	12.99095703125	0.163988559506834
14.2170000076294	0.4462402430363	13.0729658203125	0.164970828336664
14.3170003890991	0.450097664725035	13.1574599609375	0.166188445291482
14.4169998168945	0.453613291028887	13.2335947265625	0.167449936270714
14.5170001983643	0.457031244877726	13.3089912109375	0.168142607435584
14.6169996261597	0.460400391602889	13.3891689453125	0.169354185345583
14.7170000076294	0.463769538328052	13.46646875	0.170292041730136
14.8170003890991	0.466748053440824	13.535826171875	0.171317587955855
14.9169998168945	0.469921884359792	13.6103251953125	0.172364234458655
15.0170001983643	0.473144522402436	13.6856796875	0.17324642976746
15.1169996261597	0.476464832900092	13.76183984375	0.174298300407827
15.2170000076294	0.479833979625255	13.850478515625	0.175413108081557
15.3170003890991	0.4833007697016	13.931998046875	0.176588728209026
15.4169998168945	0.486767588881776	14.01723046875	0.177792186150327
15.5170001983643	0.49023434985429	14.1024072265625	0.178840709850192
15.6169996261597	0.493554689455777	14.183484375	0.17994616064243
15.7170000076294	0.496826192829758	14.260875	0.181128052645363
15.8170003890991	0.499755842611194	14.3325234375	0.181995943421498
15.9169998168945	0.502636714372784	14.3994716796875	0.182757154107094
16.0170001983643	0.505810545291752	14.4752021484375	0.183708310942166
16.117000579834	0.508935539983213	14.5508095703125	0.184784948942252
16.2169990539551	0.512548838742077	14.6407822265625	0.185999422683381
16.3169994354248	0.515869120135903	14.72153125	0.18675668979995
16.4169998168945	0.519238295964897	14.7991064453125	0.188235921086743
16.5170001983643	0.522363290656358	14.8651953125	0.189226178918034
16.617000579834	0.525976589415222	14.946236328125	0.190485036000609
16.7169990539551	0.529492215719074	15.0162734375	0.191384999197908
16.8169994354248	0.532861333340406	15.07943359375	0.19245792645961
16.9169998168945	0.536035164259374	15.1422265625	0.193390907952562
17.0170001983643	0.539404281880707	15.222880859375	0.194647800526582
17.117000579834	0.542626949027181	15.2882890625	0.195705753867514
17.2169990539551	0.546191411558539	15.37048828125	0.19708571198862
17.3169994354248	0.549755874089897	15.450046875	0.198179259314202
17.4169998168945	0.553222664166242	15.5259375	0.199703950784169
17.5170001983643	0.55639649508521	15.592044921875	0.200895447051153
17.617000579834	0.559667940251529	15.6644521484375	0.201996139367111
17.7169990539551	0.562988279853016	15.734333984375	0.203328716452233
17.8169994354248	0.566406233701855	15.8053515625	0.204886906431057
17.9169998168945	0.569726573303342	15.87482421875	0.20622881129384
18.0170001983643	0.573095690924674	15.9445302734375	0.207538410904817
18.117000579834	0.576513644773513	16.0122353515625	0.208918296266347
18.2169990539551	0.580078107304871	16.0849541015625	0.210599275305867
18.3169994354248	0.583544897381216	16.15155859375	0.212275437661447
18.4169998168945	0.58676756452769	16.212330078125	0.213782477658242
18.5170001983643	0.590039067901671	16.268140625	0.215260792174377
18.617000579834	0.593310571275651	16.3291943359375	0.216940636164509
18.7169990539551	0.596484402194619	16.3819755859375	0.218565604882315
18.8169994354248	0.599511724431068	16.432826171875	0.219977737287991
18.9169998168945	0.602539046667516	16.478314453125	0.221821203012951
19.0170001983643	0.606054672971368	16.538279296875	0.223754235776141
19.117000579834	0.609716807957739	16.599775390625	0.225758383749053
19.2169990539551	0.613574229646474	16.661380859375	0.227951779379509
19.3169994354248	0.617382815107703	16.71694921875	0.229918252443895
19.4169998168945	0.620703096501529	16.75896875	0.232206395594403
19.5170001983643	0.624121108558029	16.80058984375	0.234197461395524
19.617000579834	0.627343775704503	16.83593359375	0.236358566326089
19.7169990539551	0.630810565780848	16.87402734375	0.238722874200903
19.8169994354248	0.633740215562284	16.901349609375	0.240639914409257
19.9169998168945	0.636767596006393	16.93069921875	0.242632202571258
20.0170001983643	0.639794918242842	16.955822265625	0.244837283389643
20.117000579834	0.643115257844329	16.989552734375	0.247178686549887
20.2169990539551	0.646777334623039	17.031837890625	0.249478296609595
20.3169994354248	0.650537083856761	17.0699140625	0.251964520430192
20.4169998168945	0.653857423458248	17.0962421875	0.254569167736918
20.5170001983643	0.657275377307087	17.1208515625	0.257103471085429
20.617000579834	0.660498044453561	17.143609375	0.259569234913215
20.7169990539551	0.663671875372529	17.16115234375	0.261770561337471
20.8169994354248	0.666601583361626	17.17408203125	0.264277536189184
20.9169998168945	0.669628905598074	17.18664453125	0.266316870693117
21.0170001983643	0.672851572744548	17.211599609375	0.26866010739468
21.117000579834	0.676025403663516	17.22977734375	0.271388416877016
21.2169990539551	0.679345685057342	17.254078125	0.273877813015133
21.3169994354248	0.682763697113842	17.277380859375	0.276479870080948
21.4169998168945	0.686376937665045	17.303943359375	0.279261148534715
21.5170001983643	0.689941400196403	17.32478125	0.281968066701666
21.617000579834	0.693408190272748	17.343830078125	0.284927751636133
21.7169990539551	0.696826144121587	17.357544921875	0.2873866178561
21.8169994354248	0.700048811268061	17.3671640625	0.290259660687298
21.9169998168945	0.703173805959523	17.373095703125	0.29276791610755
22.0170001983643	0.706445309333503	17.38912109375	0.295578618533909
22.117000579834	0.709912099409848	17.40408984375	0.29812750290148
22.2169990539551	0.713525398168713	17.42821875	0.30083442106843
22.3169994354248	0.717041024472564	17.445826171875	0.303751876344904
22.4169998168945	0.720312527846545	17.454736328125	0.306359637761489
22.5170001983643	0.723681645467877	17.4627734375	0.309157854644582
22.617000579834	0.727197271771729	17.480427734375	0.311944488203153
22.7169990539551	0.730761734303087	17.4981015625	0.315124838380143
22.8169994354248	0.733837892767042	17.500888671875	0.317557802191004
22.9169998168945	0.737109396141022	17.497107421875	0.319772661896423
23.0170001983643	0.74028322705999	17.487373046875	0.322088017128408
23.117000579834	0.743603508453816	17.491669921875	0.324555992847309
23.2169990539551	0.747021462302655	17.50567578125	0.327318644849584
23.3169994354248	0.750683597289026	17.52369140625	0.329801783664152
23.4169998168945	0.7539062644355	17.5335546875	0.332178606186062
23.5170001983643	0.757128931581974	17.540001953125	0.334741780534387
23.617000579834	0.760302762500942	17.5504140625	0.337178644258529
23.7169990539551	0.763671880122274	17.562314453125	0.339521910063922
23.8169994354248	0.7669921615161	17.57219921875	0.342180370353162
23.9169998168945	0.7704101735726	17.588623046875	0.34471190883778
24.0170001983643	0.773681618738919	17.59646484375	0.347278983099386
24.117000579834	0.777294917497784	17.610619140625	0.349864858435467
24.2169990539551	0.780810543801636	17.636267578125	0.352785544237122
24.3169994354248	0.7844238425605	17.652162109375	0.355734315235168
24.4169998168945	0.787597673479468	17.650837890625	0.358247547410429
24.5170001983643	0.791064463555813	17.65194921875	0.36094049573876
24.617000579834	0.794287130702287	17.642107421875	0.363468832802027
24.7169990539551	0.797607412096113	17.64893359375	0.365717685781419
24.8169994354248	0.800488283857703	17.6400859375	0.368129258276895
24.9169998168945	0.803710951004177	17.6500078125	0.370206835214049
25.0170001983643	0.807128904853016	17.662947265625	0.372943584807217
25.117000579834	0.810839817859232	17.683025390625	0.375443196389824
25.2169990539551	0.814355444163084	17.69738671875	0.378028082195669
25.3169994354248	0.817968742921948	17.712328125	0.380818761186674
25.4169998168945	0.820947287138551	17.70825390625	0.383411010261625
25.5170001983643	0.824072281830013	17.710794921875	0.385700026527047
25.617000579834	0.827148440293968	17.7173203125	0.388155720429495
25.7169990539551	0.830419943667948	17.72460546875	0.39065585588105
25.8169994354248	0.833300757221878	17.723923828125	0.393456197343767
25.9169998168945	0.836181628983468	17.726259765625	0.395569193642586
26.0170001983643	0.839257787447423	17.732890625	0.397609837818891
26.117000579834	0.842480454593897	17.7441796875	0.400099350372329
26.2169990539551	0.846289040055126	17.771515625	0.402974197641015
26.3169994354248	0.850097683724016	17.791283203125	0.405882601626217
26.4169998168945	0.853613310027868	17.80196484375	0.408492574933916
26.5170001983643	0.857128878124058	17.806892578125	0.411055312724784
26.617000579834	0.860449217725545	17.812177734375	0.414130947319791
26.7169990539551	0.863720721099526	17.81453515625	0.416502851294354
26.8169994354248	0.866699207108468	17.811107421875	0.419025425799191
26.9169998168945	0.869824201799929	17.812072265625	0.421300908783451
27.0170001983643	0.87309570517391	17.8217734375	0.423887424403802
27.117000579834	0.87636720854789	17.829056640625	0.426709972089157
27.2169990539551	0.879736326169223	17.841505859375	0.429314211942255
27.3169994354248	0.883203116245568	17.853892578125	0.431983411544934
27.4169998168945	0.886816415004432	17.864953125	0.434736255556345
27.5170001983643	0.890429713763297	17.875947265625	0.437532231444493
27.617000579834	0.893798831384629	17.879294921875	0.440182629972696
27.7169990539551	0.897167949005961	17.8850234375	0.442880118498579
27.8169994354248	0.900195329450071	17.882046875	0.445603363914415
27.9169998168945	0.903271487914026	17.884740234375	0.447892991360277
28.0170001983643	0.906396482605487	17.88738671875	0.450476072728634
28.117000579834	0.909619149751961	17.896130859375	0.45297498581931
28.2169990539551	0.913134776055813	17.905634765625	0.455867731943727
28.3169994354248	0.916455057449639	17.911447265625	0.458657887065783
28.4169998168945	0.919726560823619	17.919357421875	0.461102230474353
28.5170001983643	0.922900391742587	17.920306640625	0.463859090814367
28.617000579834	0.926464854273945	17.93509765625	0.46660506632179
28.7169990539551	0.930029316805303	17.948974609375	0.46953558921814
28.8169994354248	0.933349598199129	17.953802734375	0.472398241981864
28.9169998168945	0.936718774028122	17.955896484375	0.474879343528301
29.0170001983643	0.940039055421948	17.96353125	0.477925495943055
29.117000579834	0.943505845498294	17.9684296875	0.480524991871789
29.2169990539551	0.947021471802145	17.97951171875	0.483404786791652
29.3169994354248	0.950830057263374	17.994115234375	0.486368808196858
29.4169998168945	0.954052724409848	17.991751953125	0.489153550006449
29.5170001983643	0.957275391556323	17.988896484375	0.491568585857749
29.617000579834	0.96044922247529	17.989435546875	0.494513660669327
29.7169990539551	0.963867176324129	17.998734375	0.497219152748585
29.8169994354248	0.96713867969811	18.000248046875	0.500098336488008
29.9169998168945	0.970507797319442	18.008291015625	0.50252623623237
30.0170001983643	0.973779300693423	18.012923828125	0.5053331842646
30.117000579834	0.977392541244626	18.023720703125	0.50830451073125
30.2169990539551	0.980908167548478	18.030005859375	0.510897545609623
30.3169994354248	0.984423793852329	18.03723046875	0.513450417201966
30.4169998168945	0.987451174296439	18.032181640625	0.516369938850403
30.5170001983643	0.990869128145278	18.03743359375	0.519095279742032
30.617000579834	0.994042959064245	18.03777734375	0.521472829859704
30.7169990539551	0.997265568003058	18.0395390625	0.524268951267004
30.8169994354248	1.0000488255173	18.033291015625	0.526730145793408
30.9169998168945	1.00312498398125	18.034611328125	0.529250944964588
31.0170001983643	1.00654293783009	18.04834765625	0.53196051158011
31.117000579834	1.01020513102412	18.062509765625	0.53485477110371
31.2169990539551	1.01376953534782	18.075025390625	0.537906540557742
31.3169994354248	1.01743161212653	18.0887734375	0.540313543751836
31.4169998168945	1.0206054430455	18.086421875	0.543257163371891
31.5170001983643	1.02392572443932	18.089484375	0.545860442798585
31.617000579834	1.0271972278133	18.089560546875	0.548713549505919
31.7169990539551	1.0305664036423	18.09636328125	0.551301171071827
31.8169994354248	1.03359378408641	18.09116796875	0.554014521185309
31.9169998168945	1.03666994255036	18.0902421875	0.556741084437817
32.0169982910156	1.03979487903416	18.09097265625	0.559243024326861
32.117000579834	1.04326172731817	18.105642578125	0.561711785849184
32.2169990539551	1.04702147655189	18.1181875	0.564727699384093
32.3170013427734	1.05087889824063	18.13558203125	0.567439070437104
32.4169998168945	1.05415040161461	18.1338515625	0.570378731936216
32.5169982910156	1.05761713348329	18.140962890625	0.573188008274883
32.617000579834	1.06079096440226	18.136806640625	0.575889542233199
32.7169990539551	1.06391601730138	18.131193359375	0.578361097723246
32.8170013427734	1.06679683085531	18.127830078125	0.580806750804186
32.9169998168945	1.06987298931926	18.127416015625	0.583432847633958
33.0169982910156	1.07314449269325	18.132685546875	0.585862610023469
33.117000579834	1.07641599606723	18.142724609375	0.588368566241115
33.2169990539551	1.07978517189622	18.150595703125	0.591241114307195
33.3170013427734	1.08334957621992	18.162546875	0.594028970226645
33.4169998168945	1.08696287497878	18.173671875	0.596910016611218
33.5169982910156	1.09062495175749	18.1868515625	0.599637918639928
33.617000579834	1.09404302202165	18.189365234375	0.602530897594988
33.7169990539551	1.09750975389034	18.195857421875	0.605224922765046
33.8170013427734	1.10053713433444	18.188126953125	0.608051079325378
33.9169998168945	1.10366207081825	18.185095703125	0.61080401064828
34.0169982910156	1.10683590173721	18.186748046875	0.613371666986495
34.117000579834	1.11030275002122	18.192646484375	0.615992408711463
34.2169990539551	1.11381837632507	18.204875	0.618817284703255
34.3170013427734	1.11738278064877	18.21340234375	0.621767889242619
34.4169998168945	1.12055661156774	18.2124921875	0.624380016233772
34.5169982910156	1.12407223787159	18.215009765625	0.627129338681698
34.617000579834	1.12758786417544	18.2242421875	0.630040420219302
34.7169990539551	1.13125005736947	18.233111328125	0.632855750154704
34.8170013427734	1.13432621583343	18.22437109375	0.635735574178398
34.9169998168945	1.13774416968226	18.230322265625	0.63846172997728
35.0169982910156	1.14082032814622	18.227982421875	0.641130784060806
35.117000579834	1.14423828199506	18.23415625	0.643873354420066
35.2169990539551	1.14755856338888	18.233298828125	0.646380300167948
35.3170013427734	1.15117186214775	18.24778515625	0.649247958790511
35.4169998168945	1.1542480206117	18.240421875	0.652035931125283
35.5169982910156	1.15742185153067	18.24015625	0.654500385280699
35.617000579834	1.16044923197478	18.23740234375	0.657168391626328
35.7169990539551	1.16376951336861	18.24302734375	0.659534765873104
35.8170013427734	1.16699223872274	18.2481953125	0.662483740597963
35.9169998168945	1.17036129813641	18.25398046875	0.665038009174168
36.0169982910156	1.17363280151039	18.256140625	0.667686050292104
36.117000579834	1.17724610026926	18.269162109375	0.670514011289924
36.2169990539551	1.18076172657311	18.274578125	0.673566421028227
36.3170013427734	1.18437502533197	18.284287109375	0.67626015515998
36.4169998168945	1.18749996181577	18.276421875	0.67882239818573
36.5169982910156	1.19086913764477	18.27970703125	0.681668461766094
36.617000579834	1.19404296856374	18.27990234375	0.684314290992916
36.7169990539551	1.1972167994827	18.277759765625	0.686926243361086
36.8170013427734	1.20000005699694	18.267345703125	0.689275388140231
36.9169998168945	1.20302732102573	18.270701171875	0.691861379891634
37.0169982910156	1.20639649685472	18.277451171875	0.694343994837254
37.117000579834	1.20996090117842	18.289970703125	0.697121140547097
37.2169990539551	1.21362309437245	18.30238671875	0.700127973686904
37.3170013427734	1.21728517115116	18.310330078125	0.703012687154114
37.4169998168945	1.22055667452514	18.31047265625	0.705572543665767
37.5169982910156	1.22377928346395	18.309583984375	0.7085797842592
37.617000579834	1.22700200881809	18.309525390625	0.7111158920452
37.7169990539551	1.23037106823176	18.3095	0.713776331394911
37.8170013427734	1.2333495542407	18.305740234375	0.716428970918059
37.9169998168945	1.2362792622298	18.29847265625	0.718625029549003
38.0169982910156	1.23940431512892	18.303435546875	0.721320859156549
38.117000579834	1.2426758185029	18.3071953125	0.723998411558568
38.2169990539551	1.24648434575647	18.32777734375	0.726923288311809
38.3170013427734	1.25029298942536	18.3446171875	0.729567662347108
38.4169998168945	1.25375972129405	18.347658203125	0.732656451873481
38.5169982910156	1.2572753475979	18.35388671875	0.735522713512182
38.617000579834	1.26064452342689	18.353234375	0.738185655791312
38.7169990539551	1.26396480482072	18.350986328125	0.741082592867315
38.8170013427734	1.26694340724498	18.346255859375	0.743700657039881
38.9169998168945	1.27026368863881	18.3438046875	0.746234436519444
39.0169982910156	1.27358397003263	18.351640625	0.748871185351163
39.117000579834	1.27700192388147	18.35524609375	0.751802464947104
39.2169990539551	1.28041987773031	18.359330078125	0.75463525718078
39.3170013427734	1.28408207092434	18.3691796875	0.757643603719771
39.4169998168945	1.28754880279303	18.373033203125	0.760340655688196
39.5169982910156	1.29121087957174	18.37844921875	0.763229618314654
39.617000579834	1.29443360492587	18.37992578125	0.766191573347896
39.7169990539551	1.29780278075486	18.38661328125	0.768884085118771
39.8170013427734	1.30073237232864	18.372349609375	0.771595572587103
39.9169998168945	1.30380864720792	18.370734375	0.774358923081309
40.0169982910156	1.30693358369172	18.36660546875	0.776788452640176
40.117000579834	1.31035153754056	18.376193359375	0.779673340730369
40.2169990539551	1.31381838582456	18.382935546875	0.782552175223827
40.3170013427734	1.31733401212841	18.390453125	0.785369367804378
40.4169998168945	1.32045894861221	18.38558203125	0.788303615991026
40.5169982910156	1.32387690246105	18.3878125	0.790789315942675
40.617000579834	1.32734375074506	18.3969140625	0.793436367530376
40.7169990539551	1.33100582752377	18.4059609375	0.796413165517151
40.8170013427734	1.33403320796788	18.395794921875	0.799149565864354
40.9169998168945	1.3373534893617	18.397951171875	0.801824673544616
41.0169982910156	1.34052732028067	18.394125	0.804462179075927
41.117000579834	1.34389649610966	18.399931640625	0.807074597105384
41.2169990539551	1.34726567193866	18.40173828125	0.80980162601918
41.3170013427734	1.3508788542822	18.413478515625	0.812633719760925
41.4169998168945	1.35410157963634	18.410900390625	0.815446255728602
41.5169982910156	1.35732418857515	18.4082734375	0.818116823211312
41.617000579834	1.36044924147427	18.406619140625	0.820711895357817
41.7169990539551	1.36381841730326	18.4089609375	0.82332716556266
41.8170013427734	1.36708980426192	18.41262109375	0.825956114567816
41.9169998168945	1.37050775811076	18.41551953125	0.828773656394333
42.0169982910156	1.3737304834649	18.416830078125	0.831452489364892
42.117000579834	1.37729488778859	18.42264453125	0.834184174891561
42.2169990539551	1.38066406361759	18.42794140625	0.836895254906267
42.3170013427734	1.38417968992144	18.4348359375	0.840186607092619
42.4169998168945	1.38720707036555	18.42658203125	0.842536916024983
42.5169982910156	1.39047857373953	18.426822265625	0.845143862534314
42.617000579834	1.39360351022333	18.423712890625	0.848046212922782
42.7169990539551	1.3967773411423	18.42350390625	0.850643264129758
42.8170013427734	1.39970704913139	18.417279296875	0.85304758977145
42.9169998168945	1.4027344295755	18.418888671875	0.855558202601969
43.0169982910156	1.40620116144419	18.428703125	0.858258281368762
43.117000579834	1.40991213265806	18.442294921875	0.861129548866302
43.2169990539551	1.41367188189179	18.453548828125	0.864053494296968
43.3170013427734	1.41748052556068	18.46577734375	0.867173017468303
43.4169998168945	1.42075191251934	18.46490234375	0.869847543071955
43.5169982910156	1.42416986636817	18.462830078125	0.872592383529991
43.617000579834	1.42739259172231	18.45904296875	0.875231926329434
43.7169990539551	1.43081054557115	18.460373046875	0.878284859936684
43.8170013427734	1.43369135912508	18.44790234375	0.880864216014743
43.9169998168945	1.43671873956919	18.44459375	0.883458589669317
44.0169982910156	1.43979489803314	18.442796875	0.885842717252672
44.117000579834	1.44316407386214	18.44689453125	0.888572249095887
44.2169990539551	1.44687504507601	18.463892578125	0.891303643584251
44.3170013427734	1.45073246676475	18.478763671875	0.894469441846013
44.4169998168945	1.45405274815857	18.4793203125	0.897417892701924
44.5169982910156	1.45756837446243	18.480419921875	0.90033357264474
44.617000579834	1.46083987783641	18.478087890625	0.902943953406066
44.7169990539551	1.46406248677522	18.47296484375	0.905596592929214
44.8170013427734	1.46694341674447	18.46567578125	0.908330839592963
44.9169998168945	1.47011713124812	18.46307421875	0.910887960344553
45.0169982910156	1.47329096216708	18.46583203125	0.913452357053757
45.117000579834	1.47656246554106	18.466861328125	0.916024204343557
45.2169990539551	1.47983396891505	18.473767578125	0.918923760764301
45.3170013427734	1.4833495952189	18.480431640625	0.921617669519037
45.4169998168945	1.48691411595792	18.4895703125	0.924715946894139
45.5169982910156	1.49047852028161	18.494595703125	0.927487213630229
45.617000579834	1.49389647413045	18.496275390625	0.930222799070179
45.7169990539551	1.49736332241446	18.499052734375	0.933300994802266
45.8170013427734	1.50043948087841	18.49267578125	0.936155847739428
45.9169998168945	1.50361331179738	18.486005859375	0.938540615607053
46.0169982910156	1.50683592073619	18.486154296875	0.941061123739928
46.117000579834	1.51035154704005	18.491416015625	0.943894148804247
46.2169990539551	1.5138671733439	18.497966796875	0.946855812799186
46.3170013427734	1.51738279964775	18.50483984375	0.949857640080154
46.4169998168945	1.5204589581117	18.498529296875	0.952075410168618
46.5169982910156	1.52387691196054	18.500896484375	0.955006980802864
46.617000579834	1.52724608778954	18.504818359375	0.957859389018267
46.7169990539551	1.53066404163837	18.509140625	0.960641948040575
46.8170013427734	1.53364252764732	18.499205078125	0.963310478255153
46.9169998168945	1.53681635856628	18.499322265625	0.966072315350175
47.0169982910156	1.53994141146541	18.49300390625	0.968535838183016
47.117000579834	1.54306646436453	18.4950390625	0.971195928286761
47.2169990539551	1.5464355237782	18.501306640625	0.973807473201305
47.3170013427734	1.54990237206221	18.5051328125	0.976578798145056
47.4169998168945	1.55322265345603	18.513111328125	0.979249714873731
47.5169982910156	1.55629881191999	18.50643359375	0.981885939836502
47.617000579834	1.55957031529397	18.50736328125	0.984515296295285
47.7169990539551	1.56279292423278	18.511673828125	0.987397041171789
47.8170013427734	1.56625977251679	18.51478515625	0.99011161364615
47.9169998168945	1.56953127589077	18.518751953125	0.992712564766407
48.0169982910156	1.57294922973961	18.52276171875	0.99558976944536
48.117000579834	1.57641596160829	18.526259765625	0.99830876570195
48.2169990539551	1.58007815480232	18.533126953125	1.00111099891365
48.3170013427734	1.58364255912602	18.542056640625	1.00390193983912
48.4169998168945	1.5869140625	18.537578125	1.00670894607902
48.5169982910156	1.59033201634884	18.53690625	1.00944354198873
48.617000579834	1.59370119217783	18.540345703125	1.01250875741243
48.7169990539551	1.59702147357166	18.536673828125	1.01539492607117
48.8170013427734	1.5999999595806	18.52729296875	1.01782009005547
48.9169998168945	1.60317379049957	18.52609765625	1.02050742134452
49.0169982910156	1.60673831123859	18.531923828125	1.02356204297394
49.117000579834	1.61049806047231	18.548638671875	1.02626788429916
49.2169990539551	1.61411135923117	18.55397265625	1.02913600858301
49.3170013427734	1.6178711084649	18.56083984375	1.03233766276389
49.4169998168945	1.6209960449487	18.550134765625	1.03515246883035
49.5169982910156	1.62426754832268	18.546720703125	1.03774282615632
49.617000579834	1.6273926012218	18.540037109375	1.0405951179564
49.7169990539551	1.63076166063547	18.544638671875	1.04338699020445
49.8170013427734	1.63369136862457	18.534568359375	1.04583764914423
49.9169998168945	1.63671874906868	18.530259765625	1.04844989255071
50.0169982910156	1.63979490753263	18.53206640625	1.05106399860233
50.117000579834	1.64331053383648	18.537716796875	1.05347030330449
50.2169990539551	1.64711917750537	18.5600234375	1.05675996746868
50.3170013427734	1.65112304966897	18.57509375	1.06010178569704
50.4169998168945	1.65449222549796	18.57415625	1.06294825673103
50.5169982910156	1.65815430227667	18.5765546875	1.06604106258601
50.617000579834	1.66137691121548	18.569794921875	1.06864515691996
50.7169990539551	1.66469730902463	18.5662578125	1.07144156936556
50.8170013427734	1.66752934455872	18.553478515625	1.07405497692525
50.9169998168945	1.67080073151737	18.55157421875	1.0768350912258
51.0169982910156	1.6739257844165	18.54883203125	1.07956700958312
51.117000579834	1.67734373826534	18.55446875	1.08240905683488
51.2169990539551	1.68061524163932	18.5551640625	1.08488323166966
51.3170013427734	1.68432621285319	18.566498046875	1.08789664227515
51.4169998168945	1.68774416670203	18.570544921875	1.09080772381276
51.5169982910156	1.69145502150059	18.578154296875	1.09373743180186
51.617000579834	1.69472652487457	18.5771796875	1.09652953688055
51.7169990539551	1.69814447872341	18.573255859375	1.09940476249903
51.8170013427734	1.70097651425749	18.56014453125	1.10198184847832
51.9169998168945	1.70415034517646	18.5576875	1.1044037528336
52.0169982910156	1.70722662005574	18.5569296875	1.10731308814138
52.117000579834	1.71064457390457	18.561177734375	1.10989378299564
52.2169990539551	1.71391596086323	18.56365625	1.11293024383485
52.3170013427734	1.71723635867238	18.56746484375	1.11570197623223
52.4169998168945	1.72031251713634	18.559890625	1.11829128582031
52.5169982910156	1.72363279853016	18.5654765625	1.12101039849222
52.617000579834	1.72709964681417	18.57180859375	1.12366513349116
52.7169990539551	1.73066405113786	18.579330078125	1.12646364141256
52.8170013427734	1.73374020960182	18.572458984375	1.12927763257176
52.9169998168945	1.73715816345066	18.57588671875	1.1320955818519
53.0169982910156	1.74042966682464	18.57754296875	1.13456370308995
53.117000579834	1.74389651510864	18.58329296875	1.13764649722725
53.2169990539551	1.74731446895748	18.584138671875	1.14039110485464
53.3170013427734	1.75107421819121	18.59216796875	1.14321114961058
53.4169998168945	1.75424804911017	18.58801953125	1.14594749175012
53.5169982910156	1.75747065804899	18.582763671875	1.14877487067133
53.617000579834	1.7604980384931	18.577015625	1.15149200428277
53.7169990539551	1.76386721432209	18.580451171875	1.15411740262061
53.8170013427734	1.76704104524106	18.57803515625	1.15680310409516
53.9169998168945	1.77041010465473	18.581921875	1.15963048301637
54.0169982910156	1.7735839355737	18.579396484375	1.16233434528112
54.117000579834	1.77709956187755	18.590796875	1.16520968731493
54.2169990539551	1.78051763214171	18.595302734375	1.16810074541718
54.3170013427734	1.78403325844556	18.6002734375	1.17081310600042
54.4169998168945	1.78715819492936	18.591564453125	1.17393280379474
54.5169982910156	1.79047847632319	18.58882421875	1.1762409703806
54.617000579834	1.79370120167732	18.590861328125	1.17913458961993
54.7169990539551	1.79692381061614	18.589556640625	1.18188059423119
54.8170013427734	1.79990229662508	18.5826875	1.18434953037649
54.9169998168945	1.80297857150435	18.58125	1.18716061115265
55.0169982910156	1.80639652535319	18.592453125	1.18989136535674
55.117000579834	1.80996092967689	18.598197265625	1.19263550732285
55.2169990539551	1.81367190089077	18.609123046875	1.1957815149799
55.3170013427734	1.81743165012449	18.61835546875	1.19879760313779
55.4169998168945	1.82070315349847	18.6170625	1.20161171071231
55.5169982910156	1.8240234348923	18.609630859375	1.204326399602
55.617000579834	1.82734371628612	18.609556640625	1.2074502883479
55.7169990539551	1.83085934258997	18.61277734375	1.2103634653613
55.8170013427734	1.83388672303408	18.604099609375	1.21278793085366
55.9169998168945	1.83701177593321	18.5979765625	1.21551612392068
56.0169982910156	1.84013671241701	18.597544921875	1.21841242071241
56.117000579834	1.84375001117587	18.604580078125	1.22121558524668
56.2169990539551	1.84750976040959	18.61643359375	1.22428801842034
56.3170013427734	1.85136718209833	18.628185546875	1.22723530512303
56.4169998168945	1.85449223499745	18.619572265625	1.23017595615238
56.5169982910156	1.85791018884629	18.618296875	1.23297411482781
56.617000579834	1.86103512533009	18.610779296875	1.23575050383806
56.7169990539551	1.86420895624906	18.6084375	1.23853597324342
56.8170013427734	1.8669922137633	18.595232421875	1.24082923866808
56.9169998168945	1.8701171502471	18.59305859375	1.24370132107288
57.0169982910156	1.87329098116606	18.59172265625	1.24624103773385
57.117000579834	1.87656248454005	18.594486328125	1.24885409604758
57.2169990539551	1.87993166036904	18.601248046875	1.25174305867404
57.3170013427734	1.88344728667289	18.60931640625	1.25445623416454
57.4169998168945	1.88701169099659	18.6155078125	1.2573340209201
57.5169982910156	1.89067388419062	18.623802734375	1.26025208737701
57.617000579834	1.89404294360429	18.622685546875	1.26320403069258
57.7169990539551	1.8975097918883	18.618740234375	1.26614770852029
57.8170013427734	1.90043949987739	18.61229296875	1.26888835802674
57.9169998168945	1.90351565834135	18.6071796875	1.27121596597135
58.0169982910156	1.90664059482515	18.60336328125	1.27401307690889
58.117000579834	1.91005854867399	18.607701171875	1.27667840570211
58.2169990539551	1.91352539695799	18.61876953125	1.27941311802715
58.3170013427734	1.916992245242	18.6176171875	1.28217961173505
58.4169998168945	1.92016595974565	18.616673828125	1.28509395290166
58.5169982910156	1.92353513557464	18.614521484375	1.28789246082306
58.617000579834	1.92709965631366	18.62400390625	1.29063380882144
58.7169990539551	1.9307128386572	18.6311875	1.29368877969682
58.8170013427734	1.93383789155632	18.6230078125	1.29632360767573
58.9169998168945	1.93725584540516	18.622849609375	1.29913631826639
59.0169982910156	1.9404785707593	18.621048828125	1.30200677085668
59.117000579834	1.94384763017297	18.622787109375	1.3048117980361
59.2169990539551	1.94716791156679	18.622306640625	1.30737340077758
59.3170013427734	1.95078121032566	18.626703125	1.31063023582101
59.4169998168945	1.95390614680946	18.625998046875	1.31325656548142
59.5169982910156	1.95703119970858	18.62048046875	1.31582503672689
59.617000579834	1.96010735817254	18.61860546875	1.31864042486995
59.7169990539551	1.96342775598168	18.61774609375	1.3215005164966
59.8170013427734	1.96674815379083	18.622734375	1.32432428654283
59.9169998168945	1.97016610763967	18.627880859375	1.32705317810178
60.0169982910156	1.97348627261817	18.628841796875	1.3298662379384
60.117000579834	1.97714846581221	18.63571484375	1.33313611149788
60.2169990539551	1.98076176457107	18.644046875	1.33592251222581
60.3170013427734	1.98447261936963	18.646421875	1.33892393205315
60.4169998168945	1.98759767226875	18.63938671875	1.34170928504318
60.5169982910156	1.99111318215728	18.64184375	1.34464376606047
60.617000579834	1.99428712949157	18.636583984375	1.34749535936862
60.7169990539551	1.99755863286555	18.634625	1.3503183145076
60.8170013427734	2.00034189037979	18.622302734375	1.35285640135407
60.9169998168945	2.00351560488343	18.618609375	1.35550531558692
61.0169982910156	2.0068846642971	18.62354296875	1.35848391801119
61.117000579834	2.0105957519263	18.639697265625	1.36144366115332
61.2169990539551	2.01416015625	18.647580078125	1.36432237923145
61.3170013427734	2.01791990548372	18.655330078125	1.36749260127544
61.4169998168945	2.02104495838284	18.64412109375	1.37035641819239
61.5169982910156	2.02441401779652	18.64391796875	1.37331511359662
61.617000579834	2.02758796513081	18.635802734375	1.37599150184542
61.7169990539551	2.03095702454448	18.637865234375	1.37890211772174
61.8170013427734	2.03383783809841	18.62524609375	1.38158805202693
61.9169998168945	2.03686533495784	18.620994140625	1.38416385743767
62.0169982910156	2.03984370455146	18.617458984375	1.38643081299961
62.117000579834	2.04321299679577	18.622904296875	1.38930301181972
62.2169990539551	2.04692385159433	18.634626953125	1.39264378231019
62.3170013427734	2.05073249526322	18.644107421875	1.39542296528816
62.4169998168945	2.05405266024172	18.643857421875	1.39819737523794
62.5169982910156	2.05751950852573	18.64719140625	1.4011082239449
62.617000579834	2.06079101189971	18.64330859375	1.40390044543892
62.7169990539551	2.06406251527369	18.6397109375	1.40670337714255
62.8170013427734	2.06699222326279	18.63292578125	1.40956230461597
62.9169998168945	2.07026372663677	18.629154296875	1.41207466367632
63.0169982910156	2.07353523001075	18.6293203125	1.41480308957398
63.117000579834	2.07690428942442	18.632908203125	1.41763198189437
63.2169990539551	2.08027334883809	18.6349375	1.4204588951543
63.3170013427734	2.08388664759696	18.64503515625	1.4235214330256
63.4169998168945	2.08735349588096	18.645498046875	1.42620876431465
63.5169982910156	2.09091790020466	18.652458984375	1.42927910201252
63.617000579834	2.09414050914347	18.647857421875	1.4319644542411
63.7169990539551	2.09746090695262	18.646205078125	1.43449264578521
63.8170013427734	2.10039061494172	18.636443359375	1.4373684534803
63.9169998168945	2.1034178789705	18.6288984375	1.43986416514963
64.0169982910156	2.10649403743446	18.627541015625	1.44245638512075
64.1169967651367	2.10981443524361	18.631859375	1.44519296009094
64.2170028686523	2.11333017796278	18.63826953125	1.44801649730653
64.3170013427734	2.11674813181162	18.643296875	1.45086960401386
64.4169998168945	2.1200196351856	18.64716015625	1.45369139499962
64.5169982910156	2.1233398001641	18.647236328125	1.45635928492993
64.6169967651367	2.1269042044878	18.652548828125	1.45933066960424
64.7170028686523	2.13051750324667	18.659953125	1.46263022907078
64.8170013427734	2.13364255614579	18.65254296875	1.46520836278796
64.9169998168945	2.13696295395494	18.651900390625	1.46815914195031
65.0169982910156	2.14018556289375	18.650259765625	1.47082074545324
65.1169967651367	2.14355462230742	18.65023828125	1.47363194264472
65.2170028686523	2.14697257615626	18.65333984375	1.47646304685622
65.3170013427734	2.15068366378546	18.66011328125	1.47940416354686
65.4169998168945	2.15390627272427	18.658603515625	1.48227775935084
65.5169982910156	2.15717777609825	18.655234375	1.48544786497951
65.6169967651367	2.1603514906019	18.65012109375	1.48816127330065
65.7170028686523	2.16376944445074	18.64987109375	1.49075814988464
65.8170013427734	2.16708984225988	18.6502890625	1.49388622958213
65.9169998168945	2.17050779610872	18.653462890625	1.49669614620507
66.0169982910156	2.1737792994827	18.649521484375	1.49936322122812
66.1169967651367	2.17739259824157	18.6560546875	1.50227337144315
66.2170028686523	2.18081055209041	18.659146484375	1.50502647738904
66.3170013427734	2.18427740037441	18.6605	1.50835071690381
66.4169998168945	2.18725576996803	18.650099609375	1.5109385130927
66.5169982910156	2.19057616777718	18.648076171875	1.5137066366151
66.6169967651367	2.19375011511147	18.645869140625	1.51649641338736
66.7170028686523	2.19692382961512	18.644806640625	1.51925731915981
66.8170013427734	2.19980464316905	18.637845703125	1.52169854845852
66.9169998168945	2.202880801633	18.631091796875	1.52446597348899
67.0169982910156	2.20634764991701	18.64349609375	1.52710825204849
67.1169967651367	2.21005850471556	18.6554140625	1.52989535126835
67.2170028686523	2.21376959234476	18.664353515625	1.53313158079982
67.3170013427734	2.21757823601365	18.6697578125	1.53613882139325
67.4169998168945	2.22080084495246	18.665486328125	1.53902964666486
67.5169982910156	2.22416990436614	18.664244140625	1.54191406909376
67.6169967651367	2.22739251330495	18.654576171875	1.54464528895915
67.7170028686523	2.23076180554926	18.657091796875	1.54738640412688
67.8170013427734	2.23364261910319	18.647376953125	1.55005371198058
67.9169998168945	2.23662098869681	18.639076171875	1.55279238242656
68.0169982910156	2.23969737999141	18.638685546875	1.5553388511762
68.1169967651367	2.24301754496992	18.64192578125	1.55828392598778
68.2170028686523	2.24677729420364	18.654255859375	1.56106753274798
68.3170013427734	2.2506348323077	18.669623046875	1.56419223640114
68.4169998168945	2.25400389172137	18.667396484375	1.56700145453215
68.5169982910156	2.25747074000537	18.66527734375	1.56972173135728
68.6169967651367	2.26074224337935	18.65922265625	1.57281837891787
68.7170028686523	2.26401374675333	18.6575625	1.57552445307374
68.8170013427734	2.26689456030726	18.643515625	1.57832505647093
68.9169998168945	2.27001961320639	18.64162109375	1.58073473721743
69.0169982910156	2.27319332771003	18.642634765625	1.58344605006278
69.1169967651367	2.27641593664885	18.643521484375	1.58602907322347
69.2170028686523	2.27973633445799	18.64787109375	1.58892257604748
69.3170013427734	2.28315428830683	18.64617578125	1.5916028060019
69.4169998168945	2.28671869263053	18.6587734375	1.59464532043785
69.5169982910156	2.29028309695423	18.661087890625	1.59731123130769
69.6169967651367	2.29370128363371	18.6635234375	1.60030857659876
69.7170028686523	2.29716789908707	18.665041015625	1.60326028708369
69.8170013427734	2.30024405755103	18.659009765625	1.60617777146399
69.9169998168945	2.30336911045015	18.65173828125	1.60874670837075
70.0169982910156	2.30659171938896	18.649984375	1.61135476082563
70.1169967651367	2.31010746210814	18.65551171875	1.61449576262385
70.2170028686523	2.31362297199667	18.659890625	1.61735410802066
70.3170013427734	2.31713871471584	18.664220703125	1.62015412934124
70.4169998168945	2.32031242921948	18.6595546875	1.62303529214114
70.5169982910156	2.3236817214638	18.657376953125	1.62558373995125
70.6169967651367	2.32709967531264	18.663701171875	1.62868457846344
70.7170028686523	2.33061518520117	18.65983203125	1.63161335512996
70.8170013427734	2.3336426820606	18.6545234375	1.63463351782411
70.9169998168945	2.33686529099941	18.649947265625	1.63714506197721
71.0169982910156	2.34003900550306	18.650341796875	1.63992773741484
71.1169967651367	2.34326161444187	18.649857421875	1.64276815485209
71.2170028686523	2.34667980112135	18.651697265625	1.64573802612722
71.3170013427734	2.35024420544505	18.65714453125	1.64835329633206
71.4169998168945	2.35356437042356	18.659193359375	1.65117182768881
71.5169982910156	2.35668942332268	18.654919921875	1.65408034808934
71.6169967651367	2.35986337065697	18.650677734375	1.65673671290278
71.7170028686523	2.36313487403095	18.64969921875	1.65936478879303
71.8170013427734	2.36650393344462	18.65231640625	1.66219880338758
71.9169998168945	2.3697754368186	18.650697265625	1.66496017482132
72.0169982910156	2.3730956017971	18.651908203125	1.667819917202
72.1169967651367	2.37651355564594	18.65184375	1.67056114878505
72.2170028686523	2.38007819280028	18.6611796875	1.67344976216555
72.3170013427734	2.38354480825365	18.660712890625	1.67641858570278
72.4169998168945	2.3867676500231	18.659716796875	1.67917145881802
72.5169982910156	2.39008781500161	18.6535234375	1.68205250520259
72.6169967651367	2.39340821281075	18.655796875	1.68474123347551
72.7170028686523	2.39663082174957	18.651513671875	1.68755545746535
72.8170013427734	2.399658318609	18.6433984375	1.69040670152754
72.9169998168945	2.40268558263779	18.63678125	1.69281812850386
73.0169982910156	2.40620109252632	18.647673828125	1.69567216653377
73.1169967651367	2.40981439128518	18.65341015625	1.6984767280519
73.2170028686523	2.41352547891438	18.6625625	1.70158559922129
73.3170013427734	2.41713877767324	18.668208984375	1.70454848557711
73.4169998168945	2.42036138661206	18.663009765625	1.70743570197374
73.5169982910156	2.42348643951118	18.653787109375	1.71003420837224
73.6169967651367	2.42661125957966	18.650294921875	1.71297823544592
73.7170028686523	2.42983386851847	18.64955078125	1.71571411192417
73.8170013427734	2.43291025981307	18.64563671875	1.71835348010063
73.9169998168945	2.43574217893183	18.635896484375	1.72068784013391
74.0169982910156	2.43896478787065	18.638248046875	1.72352138906717
74.1169967651367	2.44218739680946	18.638498046875	1.72604911495
74.2170028686523	2.44614249095321	18.6567578125	1.72901118639857
74.3170013427734	2.45000002905726	18.668521484375	1.73224543686956
74.4169998168945	2.45361332781613	18.675521484375	1.73517630901188
74.5169982910156	2.45717773213983	18.673072265625	1.73778610769659
74.6169967651367	2.46059568598866	18.671328125	1.74090405926108
74.7170028686523	2.46391608379781	18.66630859375	1.74414552748203
74.8170013427734	2.46684579178691	18.652955078125	1.74687756225467
74.9169998168945	2.47001950629056	18.6484921875	1.74962624441832
75.0169982910156	2.47329100966454	18.649892578125	1.75223534461111
75.1169967651367	2.47661140747368	18.6487109375	1.75503175705671
75.2170028686523	2.47998046688735	18.650638671875	1.75793492235243
75.3170013427734	2.48359376564622	18.661013671875	1.7607738263905
75.4169998168945	2.48715816996992	18.66705078125	1.76392856519669
75.5169982910156	2.49086902476847	18.66917578125	1.7668497748673
75.6169967651367	2.49428721144795	18.669541015625	1.76981731783599
75.7170028686523	2.49775382690132	18.667716796875	1.77285354584455
75.8170013427734	2.50068353489041	18.653517578125	1.77565775811672
75.9169998168945	2.5038574822247	18.6491015625	1.77840562537313
76.0169982910156	2.50693364068866	18.6449375	1.78100285120308
76.1169967651367	2.5103515945375	18.646681640625	1.78379670251161
76.2170028686523	2.51376954838634	18.653986328125	1.78672652691603
76.3170013427734	2.51713860780001	18.65398828125	1.78974121809006
76.4169998168945	2.52026366069913	18.648328125	1.79241015575826
76.5169982910156	2.52358405850828	18.649521484375	1.79515650961548
76.6169967651367	2.52709956839681	18.65463671875	1.79794023279101
76.7170028686523	2.53071286715567	18.66196875	1.80101708974689
76.8170013427734	2.53383792005479	18.655501953125	1.80383329279721
76.9169998168945	2.5373047683388	18.65552734375	1.80682085920125
77.0169982910156	2.54052737727761	18.651634765625	1.80950143840164
77.1169967651367	2.54404288716614	18.653380859375	1.8124122871086
77.2170028686523	2.54746084101498	18.655837890625	1.81523093488067
77.3170013427734	2.55117192864418	18.66287890625	1.81839684955776
77.4169998168945	2.55434564314783	18.654236328125	1.82142574340105
77.5169982910156	2.55756825208664	18.649794921875	1.82398152537644
77.6169967651367	2.56059574894607	18.642044921875	1.82677386328578
77.7170028686523	2.56396480835974	18.642630859375	1.82958703953773
77.8170013427734	2.56713875569403	18.641421875	1.83233141433448
77.9169998168945	2.57045892067254	18.6409609375	1.83496240060776
78.0169982910156	2.57363286800683	18.639515625	1.83780922088772
78.1169967651367	2.57714837789536	18.641703125	1.84078805614263
78.2170028686523	2.58061522617936	18.647068359375	1.84354709926993
78.3170013427734	2.58413096889853	18.654265625	1.84622313827276
78.4169998168945	2.58720712736249	18.643103515625	1.84918916784227
78.5169982910156	2.59052729234099	18.643794921875	1.8520534504205
78.6169967651367	2.59374990127981	18.642859375	1.85467570554465
78.7170028686523	2.59697274304926	18.6372734375	1.85771193355322
78.8170013427734	2.59990245103836	18.63212109375	1.86016748193651
78.9169998168945	2.60297860950232	18.62814453125	1.86304678209126
79.0169982910156	2.60644522495568	18.63552734375	1.86557229608297
79.1169967651367	2.61005852371454	18.644533203125	1.86883343849331
79.2170028686523	2.61376961134374	18.655083984375	1.87157152686268
79.3170013427734	2.61752936057746	18.66184765625	1.87442591413856
79.4169998168945	2.62080086395144	18.652685546875	1.87758973333985
79.5169982910156	2.62416992336512	18.652853515625	1.88034714665264
79.6169967651367	2.62739253230393	18.6497578125	1.88320060260594
79.7170028686523	2.63085938058794	18.649369140625	1.88619387336075
79.8170013427734	2.6338379830122	18.64262109375	1.88889761921018
79.9169998168945	2.63696280308068	18.634572265625	1.89154455438256
80.0169982910156	2.6400878559798	18.63246875	1.89438601955771
80.1169967651367	2.64360359869897	18.640037109375	1.89698662143201
80.2170028686523	2.6473633479327	18.648580078125	1.90022320020944
80.3170013427734	2.65117175877094	18.6625234375	1.90335488878191
80.4169998168945	2.6543946005404	18.655859375	1.90623779781163
80.5169982910156	2.65786121599376	18.656228515625	1.90932478290051
80.6169967651367	2.66103516332805	18.646416015625	1.91206205636263
80.7170028686523	2.6642088778317	18.643853515625	1.91497232299298
80.8170013427734	2.6670410297811	18.6315234375	1.91761623136699
80.9169998168945	2.67021474428475	18.6272421875	1.92043394781649
81.0169982910156	2.67343758605421	18.62911328125	1.92309892736375
81.1169967651367	2.67670908942819	18.63166015625	1.92587543278933
81.2170028686523	2.68007814884186	18.63396875	1.92845799028873
81.3170013427734	2.68374034203589	18.643818359375	1.93164497613907
81.4169998168945	2.68735340796411	18.651595703125	1.93460856098682
81.5169982910156	2.69111339002848	18.655873046875	1.93754804786295
81.6169967651367	2.69448244944215	18.653888671875	1.94066821131855
81.7170028686523	2.69794929772615	18.653896484375	1.94365892093629
81.8170013427734	2.70092766731977	18.63918359375	1.94632657803595
81.9169998168945	2.70410161465406	18.63831640625	1.94925256073475
82.0169982910156	2.70717777311802	18.630001953125	1.95190880913287
82.1169967651367	2.71069328300655	18.63609375	1.95483467541635
82.2170028686523	2.71406257525086	18.638216796875	1.95771455764771
82.3170013427734	2.71752919070423	18.638453125	1.96043821051717
82.4169998168945	2.72060558199883	18.633158203125	1.96310481987894
82.5169982910156	2.7239746414125	18.634615234375	1.96624174714088
82.6169967651367	2.72739259526134	18.637873046875	1.96901243180037
82.7170028686523	2.73090810514987	18.6428125	1.97214120998979
82.8170013427734	2.7339356020093	18.63696875	1.97475403547287
82.9169998168945	2.7372557669878	18.629783203125	1.97767629288137
83.0169982910156	2.74033192545176	18.624984375	1.98037200607359
83.1169967651367	2.74360342882574	18.62539453125	1.98298203758895
83.2170028686523	2.74687493219972	18.627787109375	1.98573712259531
83.3170013427734	2.75039067491889	18.627830078125	1.98862771503627
83.4169998168945	2.75356438942254	18.62775390625	1.99163495562971
83.5169982910156	2.75659188628197	18.62077734375	1.99399911798537
83.6169967651367	2.75971670635045	18.617912109375	1.99699867516756
83.7170028686523	2.7629395481199	18.617685546875	1.99965434148908
83.8170013427734	2.76635750196874	18.62541015625	2.00263876467943
83.9169998168945	2.76972656138241	18.6270390625	2.00519151985645
84.0169982910156	2.77319340966642	18.62866015625	2.00804392807186
84.1169967651367	2.77680670842528	18.633517578125	2.01094709336758
84.2170028686523	2.78046866878867	18.640248046875	2.01418739743531
84.3170013427734	2.78417975641787	18.642849609375	2.01695901341736
84.4169998168945	2.78740236535668	18.638005859375	2.0196782425046
84.5169982910156	2.79082031920552	18.635083984375	2.02293344773352
84.6169967651367	2.79399403370917	18.628943359375	2.02561053447425
84.7170028686523	2.79721687547863	18.625556640625	2.02838215045631
84.8170013427734	2.80009768903255	18.61429296875	2.03102035447955
84.9169998168945	2.80317384749651	18.612529296875	2.03378056176007
85.0169982910156	2.80659180134535	18.619	2.03660526312888
85.1169967651367	2.81025399453938	18.625486328125	2.03946931287646
85.2170028686523	2.81391595490277	18.636751953125	2.04270565882325
85.3170013427734	2.81762704253197	18.64124609375	2.04581278376281
85.4169998168945	2.82084965147078	18.635384765625	2.04856949858367
85.5169982910156	2.82416981644928	18.629513671875	2.05132341943681
85.6169967651367	2.82739265821874	18.623794921875	2.05435301177204
85.7170028686523	2.83081061206758	18.626935546875	2.05734488554299
85.8170013427734	2.83374032005668	18.6164140625	2.06004036590457
85.9169998168945	2.83676758408546	18.6080546875	2.06276308745146
86.0169982910156	2.83984374254942	18.604033203125	2.06551817245781
86.1169967651367	2.84321280196309	18.608873046875	2.06827791407704
86.2170028686523	2.84697255119681	18.623822265625	2.07131961360574
86.3170013427734	2.85083008930087	18.63485546875	2.0746614318341
86.4169998168945	2.85419914871454	18.633705078125	2.07738997414708
86.5169982910156	2.85781244747341	18.634458984375	2.08045705221593
86.6169967651367	2.86108395084739	18.626326171875	2.0833273883909
86.7170028686523	2.86440434865654	18.62130859375	2.08655092865229
86.8170013427734	2.86738271825016	18.610689453125	2.08911439403892
86.9169998168945	2.8707031160593	18.612650390625	2.09209439344704
87.0169982910156	2.87392572499812	18.60658984375	2.09487066604197
87.1169967651367	2.87739257328212	18.61239453125	2.09774309769273
87.2170028686523	2.8806640766561	18.610703125	2.10073799826205
87.3170013427734	2.88432626985013	18.615208984375	2.10380414500833
87.4169998168945	2.88769532926381	18.6150234375	2.10665282793343
87.5169982910156	2.8912597335875	18.622005859375	2.10969685576856
87.6169967651367	2.89438478648663	18.6126171875	2.11261562071741
87.7170028686523	2.8977538459003	18.60996484375	2.11534556001425
87.8170013427734	2.9005859978497	18.596408203125	2.11802194826305
87.9169998168945	2.90361326187849	18.590828125	2.1206724923104
88.0169982910156	2.90668942034245	18.586669921875	2.12334701791406
88.1169967651367	2.91005847975612	18.59072265625	2.12608324363828
88.2170028686523	2.9134766664356	18.59834765625	2.12928024120629
88.3170013427734	2.91689462028444	18.601095703125	2.1320644300431
88.4169998168945	2.92011722922325	18.597296875	2.13494291529059
88.5169982910156	2.92343739420176	18.59749609375	2.13762768544257
88.6169967651367	2.9270020313561	18.60166015625	2.14062095619738
88.7170028686523	2.93056643567979	18.60608984375	2.14350433088839
88.8170013427734	2.93369148857892	18.602970703125	2.14633834548295
88.9169998168945	2.93701165355742	18.5978203125	2.14925454929471
89.0169982910156	2.94023426249623	18.598216796875	2.15215282514691
89.1169967651367	2.94360355474055	18.5968203125	2.15490465052426
89.2170028686523	2.94702150858939	18.59853125	2.15763249434531
89.3170013427734	2.95068370178342	18.6036875	2.1607109811157
89.4169998168945	2.95390631072223	18.601478515625	2.163658849895
89.5169982910156	2.95717781409621	18.59588671875	2.1664360538125
89.6169967651367	2.96035152859986	18.59166015625	2.16936809010804
89.7170028686523	2.9637694824487	18.59732421875	2.17233458533883
89.8170013427734	2.96713877469301	18.59240234375	2.17498675920069
89.9169998168945	2.97060539014637	18.595234375	2.17800145037472
90.0169982910156	2.97382823191583	18.592744140625	2.18097446486354
90.1169967651367	2.97744129784405	18.597216796875	2.1841274574399
90.2170028686523	2.98081059008837	18.597744140625	2.18705646693707
90.3170013427734	2.9843260999769	18.5981796875	2.18994193710387
90.4169998168945	2.98735359683633	18.591591796875	2.19264999032021
90.5169982910156	2.99067376181483	18.589984375	2.19572219066322
90.6169967651367	2.99379881471395	18.586134765625	2.19842651858926
90.7170028686523	2.99702142365277	18.580484375	2.20145517960191
90.8170013427734	2.9999022372067	18.570990234375	2.20404076389968
90.9169998168945	3.00302729010582	18.56603515625	2.20677978359163
91.0169982910156	3.00649413838983	18.57228515625	2.20997724682093
91.1169967651367	3.01025388762355	18.585369140625	2.21281358972192
91.2170028686523	3.0139647424221	18.59465625	2.21603666432202
91.3170013427734	3.01782228052616	18.599482421875	2.21899175085127
91.4169998168945	3.02104488946497	18.594076171875	2.2221605759114
91.5169982910156	3.02446284331381	18.590111328125	2.22505256533623
91.6169967651367	3.02768545225263	18.579482421875	2.22795363515615
91.7170028686523	3.03105474449694	18.581388671875	2.23080324940383
91.8170013427734	3.0338866636157	18.569560546875	2.23365984857082
91.9169998168945	3.03696282207966	18.563408203125	2.23641935735941
92.0169982910156	3.03999031893909	18.557529296875	2.23922403529286
92.1169967651367	3.04345693439245	18.55995703125	2.24210182204843
92.2170028686523	3.04711912758648	18.572056640625	2.2451551631093
92.3170013427734	3.05092777125537	18.58077734375	2.24829092621803
92.4169998168945	3.05419927462935	18.57825390625	2.25124810822308
92.5169982910156	3.05771478451788	18.5755703125	2.2543235681951
92.6169967651367	3.06088873185217	18.5703125	2.25714105181396
92.7170028686523	3.0640137847513	18.5635390625	2.26003164425492
92.8170013427734	3.06689459830523	18.5468515625	2.26274761371315
92.9169998168945	3.06997075676918	18.548818359375	2.26540653966367
93.0169982910156	3.07319336570799	18.5445703125	2.26801098324358
93.1169967651367	3.07631841860712	18.5444765625	2.27101519703865
93.2170028686523	3.07963858358562	18.548921875	2.27373861707747
93.3170013427734	3.08305653743446	18.551333984375	2.27662408724427
93.4169998168945	3.0866211745888	18.55950390625	2.27946531958878
93.5169982910156	3.0901855789125	18.562287109375	2.28264299221337
93.6169967651367	3.09360353276134	18.56216796875	2.28565442375839
93.7170028686523	3.09702148661017	18.5618359375	2.28848913684487
93.8170013427734	3.10019520111382	18.5558515625	2.29137437418103
93.9169998168945	3.10332025401294	18.548337890625	2.29412876069546
94.0169982910156	3.10654286295176	18.546466796875	2.29711318388581
94.1169967651367	3.10996104963124	18.5455	2.29989737272263
94.2170028686523	3.11357411555946	18.552712890625	2.3030573502183
94.3170013427734	3.1171387527138	18.5559453125	2.30607483536005
94.4169998168945	3.12036136165261	18.54945703125	2.30905669741333
94.5169982910156	3.12368152663112	18.5450078125	2.31208908371627
94.6169967651367	3.12719726935029	18.549017578125	2.31490680016577
94.7170028686523	3.13076167367399	18.548291015625	2.31811497360468
94.8170013427734	3.13383783213794	18.544298828125	2.32106517069042
94.9169998168945	3.13715822994709	18.537705078125	2.32369266450405
95.0169982910156	3.14028328284621	18.533353515625	2.32657324522734
95.1169967651367	3.14365234225988	18.532447265625	2.32946709729731
95.2170028686523	3.14702140167356	18.53690234375	2.33241310343146
95.3170013427734	3.15068359486759	18.540361328125	2.33584991656244
95.4169998168945	3.1539062038064	18.535609375	2.33863783068955
95.5169982910156	3.15708015114069	18.529326171875	2.34141875989735
95.6169967651367	3.16025386564434	18.523484375	2.34403042122722
95.7170028686523	3.16372071392834	18.527765625	2.34724348410964
95.8170013427734	3.16699221730232	18.52587890625	2.35010054893792
95.9169998168945	3.17041017115116	18.52683203125	2.3529150057584
96.0169982910156	3.17368167452514	18.52412109375	2.35575833357871
96.1169967651367	3.17729497328401	18.53021484375	2.35892715863883
96.2170028686523	3.1808593776077	18.534642578125	2.36217910423875
96.3170013427734	3.1844237819314	18.5326484375	2.36509670503438
96.4169998168945	3.18759772926569	18.52591796875	2.3680420126766
96.5169982910156	3.19106434471905	18.525275390625	2.37096636556089
96.6169967651367	3.19428718648851	18.52038671875	2.37409421242774
96.7170028686523	3.19760735146701	18.515474609375	2.37688049674034
96.8170013427734	3.20048816502094	18.502607421875	2.37962906248868
96.9169998168945	3.20375966839492	18.497896484375	2.38248659297824
97.0169982910156	3.20717762224376	18.502609375	2.38538440316916
97.1169967651367	3.21093760430813	18.51279296875	2.38848873414099
97.2170028686523	3.21445311419666	18.516212890625	2.39150016568601
97.3170013427734	3.21811530739069	18.51915625	2.39485106430948
97.4169998168945	3.22114257141948	18.50926953125	2.39736237563193
97.5169982910156	3.22441407479346	18.500232421875	2.40054144524038
97.6169967651367	3.22744133882225	18.489416015625	2.40331585519016
97.7170028686523	3.23071284219623	18.489875	2.40644509904087
97.8170013427734	3.23354499414563	18.477853515625	2.40910891443491
97.9169998168945	3.23647470213473	18.468923828125	2.41170753724873
98.0169982910156	3.23955086059868	18.4696015625	2.41431943140924
98.1169967651367	3.24282236397266	18.469697265625	2.41709779947996
98.2170028686523	3.24663077481091	18.483140625	2.42026266641915
98.3170013427734	3.25048831291497	18.496154296875	2.4232214782387
98.4169998168945	3.25385737232864	18.49112109375	2.42640706710517
98.5169982910156	3.25737311504781	18.49066796875	2.42951489053667
98.6169967651367	3.26069328002632	18.484509765625	2.43261619471014
98.7170028686523	3.26391612179577	18.479587890625	2.43533309549093
98.8170013427734	3.2667969353497	18.46903125	2.43793381378055
98.9169998168945	3.26992198824883	18.462537109375	2.44089728221297
99.0169982910156	3.27314459718764	18.45952734375	2.44360812939703
99.1169967651367	3.27636720612645	18.457943359375	2.44643725454807
99.2170028686523	3.27973626554012	18.460666015625	2.4492924567312
99.3170013427734	3.28320311382413	18.464119140625	2.4524531327188
99.4169998168945	3.28686530701816	18.4688203125	2.45525641366839
99.5169982910156	3.29042971134186	18.475228515625	2.45854444801807
99.6169967651367	3.2938476651907	18.473275390625	2.46151466853917
99.7170028686523	3.29726561903954	18.467404296875	2.46456661261618
99.8170013427734	3.30029288306832	18.457232421875	2.46749864891171
99.9169998168945	3.30341793596745	18.45101171875	2.47035385109484
100.016998291016	3.30659188330173	18.446498046875	2.47355620376766
100.116996765137	3.31000983715057	18.44442578125	2.4760568048805
100.217002868652	3.31342779099941	18.450859375	2.47918791137636
100.317001342773	3.31684574484825	18.45138671875	2.48236791230738
100.416999816895	3.31997079774737	18.44483203125	2.48519307933748
100.516998291016	3.32319340668619	18.441396484375	2.48804478906095
100.616996765137	3.32675781100988	18.445609375	2.49113189056516
100.717002868652	3.33032221533358	18.449517578125	2.49451701529324
100.817001342773	3.33354482427239	18.44098046875	2.49730912037194
100.916999816895	3.33696277812123	18.4390625	2.50036502256989
101.016998291016	3.34028317593038	18.438521484375	2.50337738543749
101.116996765137	3.34375002421439	18.436412109375	2.50655971467495
101.217002868652	3.34721687249839	18.43969921875	2.50965310260653
101.317001342773	3.35102528333664	18.439412109375	2.51293391920626
101.416999816895	3.35419923067093	18.43148046875	2.51592695713043
101.516998291016	3.35742183960974	18.425103515625	2.51864362508059
101.616996765137	3.36054689250886	18.413892578125	2.52195005305111
101.717002868652	3.3639648463577	18.413619140625	2.52501713111997
101.817001342773	3.36718745529652	18.41024609375	2.52810888923705
101.916999816895	3.37060540914536	18.40883984375	2.53115105442703
102.016998291016	3.37382801808417	18.4047265625	2.53424211405218
102.116996765137	3.37744131684303	18.4068359375	2.53701023757458
102.217002868652	3.38090816512704	18.40781640625	2.5400968734175
102.317001342773	3.38442390784621	18.4033359375	2.54348339512944
102.416999816895	3.38750006631017	18.393037109375	2.54631764255464
102.516998291016	3.39086912572384	18.390466796875	2.54950788803399
102.616996765137	3.39404307305813	18.38458203125	2.55241990089417
102.717002868652	3.39731434360147	18.37863671875	2.55530676804483
102.817001342773	3.4000976011157	18.363865234375	2.55818525329232
102.916999816895	3.40317375957966	18.356875	2.56084091961384
103.016998291016	3.40654305182397	18.364568359375	2.56391800940037
103.116996765137	3.41020501218736	18.372681640625	2.56687449291348
103.217002868652	3.41376941651106	18.3788828125	2.57035042159259
103.317001342773	3.41748050414026	18.3795625	2.57319561205804
103.416999816895	3.4206542186439	18.371130859375	2.57635256275535
103.516998291016	3.42392572201788	18.364640625	2.57928832434118
103.616996765137	3.42719722539186	18.358666015625	2.58230441249907
103.717002868652	3.43056651763618	18.352759765625	2.58541782386601
103.817001342773	3.43359378166497	18.344208984375	2.58819293230772
103.916999816895	3.43662104569376	18.3331484375	2.59106629528105
104.016998291016	3.43979499302804	18.326556640625	2.59395688772202
104.116996765137	3.44321294687688	18.329041015625	2.59679812006652
104.217002868652	3.44697269611061	18.3382109375	2.60010873898864
104.317001342773	3.4507813397795	18.345330078125	2.60338187217712
104.416999816895	3.45405284315348	18.338638671875	2.60655651800334
104.516998291016	3.45751945860684	18.32896875	2.60961661115289
104.616996765137	3.46069340594113	18.325927734375	2.61275516822934
104.717002868652	3.46386712044477	18.316798828125	2.61595984920859
104.817001342773	3.4667479339987	18.306150390625	2.61846673674881
104.916999816895	3.46987298689783	18.29737890625	2.62160156853497
105.016998291016	3.47314449027181	18.295853515625	2.624407177791
105.116996765137	3.47641599364579	18.292166015625	2.62751430273056
105.217002868652	3.47983394749463	18.294349609375	2.63048964552581
105.317001342773	3.48344724625349	18.299078125	2.63365241698921
105.416999816895	3.48706054501235	18.30075	2.63707991689444
105.516998291016	3.49077139981091	18.304193359375	2.64027924276888
105.616996765137	3.49418935365975	18.3019921875	2.64381361193955
105.717002868652	3.49770509637892	18.2972109375	2.64686136506498
105.817001342773	3.50068369880319	18.27532421875	2.65001691877842
105.916999816895	3.50385741330683	18.265369140625	2.65285139903426
106.016998291016	3.50703136064112	18.25884375	2.65600206330419
106.116996765137	3.51054687052965	18.26065234375	2.65924748964608
106.217002868652	3.51396482437849	18.257259765625	2.66227195970714
106.317001342773	3.51748056709766	18.25736328125	2.66553927212954
106.416999816895	3.52065428160131	18.247806640625	2.66873301006854
106.516998291016	3.52421868592501	18.245373046875	2.67190812155604
106.616996765137	3.52768553420901	18.2453984375	2.67517473548651
106.717002868652	3.53129883296788	18.241634765625	2.6785449590534
106.817001342773	3.53432609699667	18.22680859375	2.68176943063736
106.916999816895	3.5377440508455	18.2233359375	2.68488051369786
107.016998291016	3.54086910374463	18.2136953125	2.68786260858178
107.116996765137	3.54428705759346	18.209869140625	2.69118556752801
107.217002868652	3.54755856096745	18.20501171875	2.69403005950153
107.317001342773	3.55112296529114	18.198578125	2.69740470685065
107.416999816895	3.5541991237551	18.192931640625	2.70072091370821
107.516998291016	3.55737307108939	18.18150390625	2.70355818793178
107.616996765137	3.56044922955334	18.175287109375	2.70662573166192
107.717002868652	3.56376962736249	18.170265625	2.7096236590296
107.817001342773	3.56704113073647	18.166564453125	2.71278736181557
107.916999816895	3.57045908458531	18.165013671875	2.71612405776978
108.016998291016	3.57373035512865	18.15754296875	2.71916785277426
108.116996765137	3.57739254832268	18.160154296875	2.72240047343075
108.217002868652	3.58085939660668	18.160806640625	2.7256365865469
108.317001342773	3.58452158980072	18.15562890625	2.7289129793644
108.416999816895	3.58759774826467	18.141853515625	2.73212254978716
108.516998291016	3.59106436371803	18.134302734375	2.73511768318713
108.616996765137	3.59414052218199	18.124693359375	2.73827230557799
108.717002868652	3.59741202555597	18.111935546875	2.74142855778337
108.817001342773	3.60019528307021	18.097193359375	2.74438108317554
108.916999816895	3.60332033596933	18.090009765625	2.7476055547595
109.016998291016	3.60664073377848	18.087169921875	2.75057973340154
109.116996765137	3.6102537997067	18.09207421875	2.7537711430341
109.217002868652	3.61391599290073	18.0952265625	2.75689200498164
109.317001342773	3.61762684769928	18.096712890625	2.76059843599796
109.416999816895	3.62080079503357	18.0825859375	2.76365783065557
109.516998291016	3.62407229840755	18.07205859375	2.76680989190936
109.616996765137	3.6272460129112	18.059447265625	2.77008907869458
109.717002868652	3.63066396676004	18.053419921875	2.77311378158629
109.817001342773	3.63359367474914	18.0402734375	2.77647585608065
109.916999816895	3.6365722771734	18.02939453125	2.77912686578929
110.016998291016	3.63959954120219	18.018228515625	2.78206076472998
110.116996765137	3.64291993901134	18.01459375	2.78513785451651
110.217002868652	3.64667968824506	18.024123046875	2.78867804445326
110.317001342773	3.65048833191395	18.028306640625	2.79195536859334
110.416999816895	3.65385739132762	18.0219375	2.79515935108066
110.516998291016	3.65732423961163	18.010951171875	2.79871188104153
110.616996765137	3.6606932990253	18.00333203125	2.8020516037941
110.717002868652	3.66401369683444	17.991939453125	2.80539412051439
110.817001342773	3.66699229925871	17.975626953125	2.80872196890414
110.916999816895	3.67021490819752	17.96675	2.81165982596576
111.016998291016	3.67353507317603	17.960857421875	2.81500839628279
111.116996765137	3.67700192146003	17.954853515625	2.81819375231862
111.217002868652	3.6803709808737	17.947046875	2.8213809709996
111.317001342773	3.68403317406774	17.94521484375	2.82514560967684
111.416999816895	3.68750002235174	17.939880859375	2.82852770760655
111.516998291016	3.69111332111061	17.938037109375	2.83192400820553
111.616996765137	3.69428703561425	17.92239453125	2.83545628190041
111.717002868652	3.6976074334234	17.9131484375	2.83872988075018
111.817001342773	3.70048824697733	17.8910234375	2.84193432889879
111.916999816895	3.70356440544128	17.880376953125	2.84487986937165
112.016998291016	3.70664056390524	17.86696484375	2.84793437458575
112.116996765137	3.71000985614955	17.864275390625	2.85108131356537
112.217002868652	3.71347647160292	17.868640625	2.85472348332405
112.317001342773	3.71694331988692	17.85832421875	2.85819312557578
112.416999816895	3.72016592882574	17.846888671875	2.86116544157267
112.516998291016	3.72353522107005	17.838130859375	2.86443321965635
112.616996765137	3.72709962539375	17.83846875	2.86808726377785
112.717002868652	3.73076181858778	17.83329296875	2.87161185406148
112.817001342773	3.73388663865626	17.818869140625	2.87478789687157
112.916999816895	3.7373045925051	17.809548828125	2.87820165976882
113.016998291016	3.74047853983939	17.793412109375	2.88169854320586
113.116996765137	3.74384759925306	17.783669921875	2.88503733463585
113.217002868652	3.7472655531019	17.77869140625	2.88825132884085
113.317001342773	3.75092774629593	17.776541015625	2.89202248677611
113.416999816895	3.75405279919505	17.75673046875	2.89526069536805
113.516998291016	3.75732430256903	17.7450859375	2.89839785546064
113.616996765137	3.76040046103299	17.730033203125	2.90175597183406
113.717002868652	3.76381841488183	17.723203125	2.90507264435291
113.817001342773	3.76708991825581	17.711521484375	2.90826638229191
113.916999816895	3.77050787210464	17.703076171875	2.91167036630213
114.016998291016	3.77368158660829	17.693322265625	2.91519891470671
114.116996765137	3.77724599093199	17.686091796875	2.91854958049953
114.217002868652	3.78066417761147	17.680091796875	2.92183482088149
114.317001342773	3.78413079306483	17.673736328125	2.92527233250439
114.416999816895	3.78715828992426	17.653802734375	2.92845023795962
114.516998291016	3.79042979329824	17.638154296875	2.93191010132432
114.616996765137	3.79360350780189	17.6288828125	2.93518649414182
114.717002868652	3.79677745513618	17.616224609375	2.93835368938744
114.817001342773	3.7997558247298	17.60138671875	2.94146174564958
114.916999816895	3.80283198319376	17.58673046875	2.94456584379077
115.016998291016	3.80629883147776	17.589287109375	2.9478408396244
115.116996765137	3.81000968627632	17.5854140625	2.95106437988579
115.217002868652	3.81376943551004	17.590650390625	2.95488629490137
115.317001342773	3.81757807917893	17.581173828125	2.95859528705478
115.416999816895	3.82089847698808	17.567283203125	2.96227261424065
115.516998291016	3.82431643083692	17.551109375	2.96562956646085
115.616996765137	3.82753903977573	17.53237109375	2.96896370127797
115.717002868652	3.83095699362457	17.522962890625	2.97264545224607
115.817001342773	3.8338378071785	17.501072265625	2.97562917694449
115.916999816895	3.83691396564245	17.48580859375	2.97908508218825
116.016998291016	3.83994146250188	17.470984375	2.98236566595733
116.116996765137	3.84340831078589	17.463375	2.9853533487767
116.217002868652	3.84716806001961	17.467599609375	2.98907677643001
116.317001342773	3.85107425972819	17.469623046875	2.9929771553725
116.416999816895	3.85434576310217	17.449806640625	2.9964093118906
116.516998291016	3.85791016742587	17.440203125	3.00009315833449
116.616996765137	3.86118167079985	17.422578125	3.00361705012619
116.717002868652	3.86440427973866	17.40664453125	3.00720939412713
116.817001342773	3.86728509329259	17.382306640625	3.01020895130932
116.916999816895	3.87050770223141	17.368361328125	3.01352702081203
117.016998291016	3.87363275513053	17.353603515625	3.01662646234035
117.116996765137	3.87700204737484	17.34869921875	3.02016851492226
117.217002868652	3.88027355074883	17.33518359375	3.02380602806807
117.317001342773	3.88388661667705	17.331578125	3.02733131684363
117.416999816895	3.88735346496105	17.321142578125	3.03103029727936
117.516998291016	3.89101565815508	17.312572265625	3.03490879014134
117.616996765137	3.89433582313359	17.2918515625	3.03827133029699
117.717002868652	3.89780267141759	17.2739453125	3.04191908799112
117.817001342773	3.90078127384186	17.250939453125	3.04535357281566
117.916999816895	3.90400388278067	17.23292578125	3.04861925542355
118.016998291016	3.90717759728432	17.217623046875	3.05218552239239
118.116996765137	3.91079112887383	17.21178515625	3.05541302077472
118.217002868652	3.9141601882875	17.199591796875	3.05925821885467
118.317001342773	3.91767593100667	17.187388671875	3.06261563673615
118.416999816895	3.92070319503546	17.163923828125	3.06609598919749
118.516998291016	3.9241211488843	17.1548671875	3.06941731832922
118.616996765137	3.92749020829797	17.137087890625	3.07296775281429
118.717002868652	3.93095705658197	17.1261875	3.07662063278258
118.817001342773	3.93388653174043	17.09988671875	3.0799200758338
118.916999816895	3.93715826794505	17.08154296875	3.08331754058599
119.016998291016	3.94023442640901	17.068388671875	3.08698136359453
119.116996765137	3.94350569695234	17.049259765625	3.09037184342742
119.217002868652	3.9468752220273	17.037197265625	3.09381424449384
119.317001342773	3.95048828795552	17.0292109375	3.09723964892328
119.416999816895	3.95375955849886	17.010880859375	3.10089299455285
119.516998291016	3.95698240026832	16.990982421875	3.10431141406298
119.616996765137	3.96010745316744	16.97295703125	3.10777523554862
119.717002868652	3.96342761814594	16.95592578125	3.11119365505874
119.817001342773	3.96674824878573	16.93860546875	3.11490707099438
119.916999816895	3.97016620263457	16.920142578125	3.11861489899457
120.016998291016	3.97343747317791	16.896916015625	3.12211969867349
120.116996765137	3.97695321589708	16.874314453125	3.12575814314187
120.217002868652	3.98046895861626	16.850962890625	3.12953325919807
120.317001342773	3.98408202454448	16.82491796875	3.13350185751915
120.416999816895	3.98725597187877	16.787271484375	3.13725415617228
120.516998291016	3.99072282016277	16.759072265625	3.14122647978365
120.616996765137	3.99394519627094	16.723537109375	3.1451266258955
120.717002868652	3.99726582691073	16.69121484375	3.14874830655754
120.817001342773	4.00019530206919	16.6609375	3.15217697061598
120.916999816895	4.00336924940348	16.635763671875	3.15597886219621
121.016998291016	4.00683609768748	16.6201015625	3.15945059992373
121.116996765137	4.01054695248604	16.610009765625	3.16342455334961
121.217002868652	4.01416001841426	16.59617578125	3.1674699857831
121.317001342773	4.01787087321281	16.58158203125	3.17157828249037
121.416999816895	4.02094749733806	16.54867578125	3.17520601674914
121.516998291016	4.02416987344623	16.52295703125	3.17890918813646
121.616996765137	4.02734382078052	16.490619140625	3.18259466439486
121.717002868652	4.03071288019419	16.46164453125	3.18643427453935
121.817001342773	4.03364235535264	16.42559765625	3.18993907421827
121.916999816895	4.03662119060755	16.393841796875	3.19357845000923
122.016998291016	4.0396973490715	16.367244140625	3.19731654599309
122.116996765137	4.04316419735551	16.3443779296875	3.20121855475008
122.217002868652	4.0469728410244	16.3293955078125	3.20543884299695
122.317001342773	4.05097659677267	16.3057578125	3.21020372211933
122.416999816895	4.05439455062151	16.2597216796875	3.21439420804381
122.516998291016	4.05800761654973	16.22746484375	3.21873440407217
122.616996765137	4.06127935275435	16.1664365234375	3.22347204200923
122.717002868652	4.06455062329769	16.10306640625	3.22843343019485
122.817001342773	4.06743166968226	15.980255859375	3.2347422093153
122.916999816895	4.07075183466077	15.798234375	3.24305659160018
123.016998291016	4.07397467643023	15.4461669921875	3.25444201007485
123.033996582031	4.07495116814971	-1.59535913085938	3.46922408789396
