File Path: C:\2024\20240314 CTLbio tensile\Test Run 2 03-14-24 16 22 53 PM\DAQ- Time, … - (Timed).txt   
Test: CTLbio_tensile_EC5AA
Test Run: Test Run 2
Date: 3/14/2024 3:56:51 PM


Time 	Crosshead 	Load 	Extensometer 
sec	mm	kN	mm
0.919000029563904	0.00102539058843831	0.0389839172363281	5.94701603517933E-05
1.01900005340576	0.00273437490250217	0.0879265823364258	0.000492694312015374
1.11899995803833	0.00463867172584287	0.146567291259766	0.00117370473162737
1.21899998188019	0.0070312498792191	0.225115264892578	0.00225596932068584
1.31900000572205	0.0103027341538109	0.326541656494141	0.00356332316187036
1.4190000295639	0.0134277343022404	0.425392700195313	0.0046901382120268
1.51900005340576	0.0168457027029945	0.536300659179688	0.0060378924899851
1.61899995803833	0.0198730467673158	0.631257629394531	0.00722295999366906
1.71899998188019	0.0234375002037268	0.744048706054688	0.00845691010908922
1.81900000572205	0.027099609724246	0.858290283203125	0.0100062243291177
1.9190000295639	0.0312500014842954	0.991819274902344	0.0114409558591433
2.01900005340576	0.0351562484866008	1.11536279296875	0.0129892487166217
2.11899995803833	0.0388671869586688	1.23923901367187	0.0144082778206212
2.21900010108948	0.0424804675276391	1.34933569335937	0.0155744746734854
2.31900000572205	0.0460449227830395	1.46512243652344	0.0170679759321501
2.41899991035461	0.0497558576171286	1.58055297851562	0.0186036977538606
2.51900005340576	0.0529296885360964	1.682974609375	0.0197345561900875
2.61899995803833	0.0563964858883992	1.79101428222656	0.0209845075005433
2.71900010108948	0.0595703131693881	1.89778857421875	0.0223771821765695
2.81900000572205	0.0634765601716936	2.02016931152344	0.0238371430896223
2.91899991035461	0.0673828108119778	2.14951245117188	0.025541776267346
3.01900005340576	0.0713867193553597	2.27590063476562	0.0269825595751172
3.11899995803833	0.0747558588045649	2.382416015625	0.0283678364212392
3.21900010108948	0.0783691430115141	2.49791088867188	0.0296883390547009
3.31900000572205	0.0817382824607193	2.6045302734375	0.0308569069602527
3.41899991035461	0.0849121061037295	2.70665014648438	0.0322775413224008
3.51900005340576	0.0879882791195996	2.79962866210938	0.0335997974616475
3.61899995803833	0.0913574185688049	2.91349633789063	0.0344951549777761
3.71900010108948	0.0946777363424189	3.0200888671875	0.0356438977178186
3.81900000572205	0.0981933626462705	3.1335185546875	0.0373692491848487
3.91899991035461	0.101660152722616	3.241279296875	0.0387044638046063
4.01900005340576	0.105371094832662	3.35852221679687	0.0401584329665639
4.11899995803833	0.109082029666752	3.47463500976562	0.0414887290389743
4.2189998626709	0.112548827019054	3.58348266601562	0.0426965598308016
4.31899976730347	0.116015624371357	3.69246948242187	0.0439135365013499
4.41900014877319	0.119091797387227	3.78859838867188	0.045257096644491
4.51900005340576	0.122265628306195	3.88622802734375	0.0463119940832257
4.61899995803833	0.125488280900754	3.98740795898438	0.0475323540740646
4.7189998626709	0.129003907204606	4.09550244140625	0.0486926292069256
4.81899976730347	0.132470697280951	4.2049091796875	0.0502026232425123
4.91900014877319	0.136035159812309	4.31318603515625	0.0518304368597455
5.01900005340576	0.139208990731277	4.4127158203125	0.0527657139173243
5.11899995803833	0.142578122904524	4.51434033203125	0.0540245200681966
5.2189998626709	0.146044927532785	4.623109375	0.0551826306036673
5.31899976730347	0.149609375512227	4.73418603515625	0.0566381568205543
5.41900014877319	0.152685548528098	4.82749169921875	0.0576176644244697
5.51900005340576	0.156005859025754	4.92603271484375	0.0588456423429307
5.61899995803833	0.159130853717215	5.0219033203125	0.0602149993937928
5.7189998626709	0.162500000442378	5.1171552734375	0.0612320945947431
5.81899976730347	0.165820310940035	5.2180048828125	0.0625405446044169
5.91900014877319	0.169482416822575	5.3232626953125	0.0637747798464261
6.01900005340576	0.172656247741543	5.42597900390625	0.0649658250040375
6.11899995803833	0.175878900336102	5.52133154296875	0.0662264501443133
6.2189998626709	0.179003909579478	5.619966796875	0.0672513779136352
6.31899976730347	0.182324220077135	5.71976904296875	0.0683825492160395
6.41900014877319	0.185644530574791	5.822591796875	0.069811001594644
6.51900005340576	0.189111335203052	5.9269658203125	0.0709651139914058
6.61899995803833	0.192480467376299	6.02694482421875	0.072156595706474
6.7189998626709	0.19614257325884	6.13581884765625	0.0735756839276291
6.81899976730347	0.199658199562691	6.24142919921875	0.0749475148040801
6.91900014877319	0.203417963348329	6.3544072265625	0.0766065131756477
7.01900005340576	0.206591794267297	6.45154345703125	0.0774516520323232
7.11899995803833	0.210107420571148	6.5573740234375	0.0787903481977992
7.2189998626709	0.213281251490116	6.6553828125	0.0798416513134725
7.31899976730347	0.216601561987773	6.75474169921875	0.0810697747510858
7.41900014877319	0.21938476129435	6.8412001953125	0.0821201538201421
7.51900005340576	0.222607428440824	6.93442138671875	0.0832538498798385
7.61899995803833	0.225976560614072	7.03455078125	0.0843778179842047
7.7189998626709	0.22973632439971	7.14934326171875	0.0857803606777452
7.81899976730347	0.233300786931068	7.2544482421875	0.0869417199282907
7.91900014877319	0.237011714489199	7.36719677734375	0.0884460896486416
8.01900005340576	0.240087887505069	7.46037109375	0.0896029232535511
8.11900043487549	0.243408198002726	7.559916015625	0.0909655573195778
8.2189998626709	0.246582028921694	7.651201171875	0.0921789469430223
8.31900024414063	0.250000011874363	7.7569462890625	0.0932974216993898
8.41899967193604	0.252832018304616	7.84181884765625	0.0943897684919648
8.51900005340576	0.255957042099908	7.933484375	0.095372975920327
8.61900043487549	0.258984364336357	8.02240771484375	0.0965829967753962
8.7189998626709	0.262451183516532	8.12202734375	0.0977369927568361
8.81900024414063	0.266210932750255	8.236087890625	0.0990465341601521
8.91899967193604	0.270214834017679	8.3529990234375	0.100672201369889
9.01900005340576	0.27348633739166	8.448587890625	0.101872668892611
9.11900043487549	0.277099607046694	8.5580185546875	0.103030833997764
9.2189998626709	0.280371081316844	8.6518544921875	0.104111248219851
9.31900024414063	0.2836913918145	8.7467919921875	0.105607927253004
9.41899967193604	0.28657226357609	8.82751953125	0.106247636722401
9.51900005340576	0.289892574073747	8.9107822265625	0.107529915112536
9.61900043487549	0.293017568765208	8.9996611328125	0.108519932837225
9.7189998626709	0.296484387945384	9.0983369140625	0.109647400677204
9.81900024414063	0.299707025988027	9.191109375	0.11086679296568
9.91899967193604	0.303369131870568	9.2975	0.112124100269284
10.0190000534058	0.306689442368224	9.3951884765625	0.113456386316102
10.1190004348755	0.310351548250765	9.500400390625	0.11477272346383
10.2189998626709	0.313476572046056	9.59089453125	0.115802191430703
10.3190002441406	0.316796882543713	9.687728515625	0.117076095193624
10.418999671936	0.31958008185029	9.7664580078125	0.118045973067638
10.5190000534058	0.322656240314245	9.8537529296875	0.119095595437102
10.6190004348755	0.325683591654524	9.943759765625	0.120202930702362
10.7189998626709	0.329101574607193	10.035783203125	0.121313380077481
10.8190002441406	0.332470692228526	10.136248046875	0.122664467198774
10.918999671936	0.335986318532377	10.2369384765625	0.123697929666378
11.0190000534058	0.339111342327669	10.326353515625	0.124760685139336
11.1190004348755	0.342431652825326	10.416490234375	0.12602296192199
11.2189998626709	0.345947279129177	10.5201416015625	0.127348859678023
11.3190002441406	0.349560548784211	10.625271484375	0.128539351862855
11.418999671936	0.352734379703179	10.7128828125	0.129839783767238
11.5190000534058	0.356103526428342	10.8056982421875	0.13093625602778
11.6190004348755	0.35927735734731	10.899267578125	0.132008455693722
11.7189998626709	0.362744147423655	10.9986171875	0.13360709999688
11.8190002441406	0.366162101272494	11.0970556640625	0.134385554702021
11.918999671936	0.369921879610047	11.203380859375	0.135894893901423
12.0190000534058	0.373095710529014	11.2906181640625	0.136852831928991
12.1190004348755	0.376464857254177	11.385130859375	0.13794882397633
12.2189998626709	0.379589851945639	11.470091796875	0.139174895593897
12.3190002441406	0.383056642021984	11.5656396484375	0.140473668579943
12.418999671936	0.386279309168458	11.6590390625	0.141717406222597
12.5190000534058	0.38979493547231	11.7550390625	0.142477234476246
12.6190004348755	0.393017573514953	11.8461533203125	0.143794459290802
12.7189998626709	0.396679679397494	11.949173828125	0.145071142469533
12.8190002441406	0.39999998989515	12.0438935546875	0.146298232721165
12.918999671936	0.403564452426508	12.130802734375	0.147259066579863
13.0190000534058	0.406640610890463	12.2134443359375	0.148469916894101
13.1190004348755	0.410058593843132	12.3097919921875	0.149537110701203
13.2189998626709	0.413183588534594	12.3990771484375	0.150792940985411
13.3190002441406	0.416455091908574	12.48664453125	0.151607615407556
13.418999671936	0.419287098338827	12.5677607421875	0.15268987044692
13.5190000534058	0.422607408836484	12.659	0.153850123751909
13.6190004348755	0.426025391789153	12.7571357421875	0.154971159645356
13.7189998626709	0.429931649705395	12.8662509765625	0.156339068780653
13.8190002441406	0.433593755587935	12.9689619140625	0.157725473400205
13.918999671936	0.437402341049165	13.0722705078125	0.158938331878744
14.0190000534058	0.440576171968132	13.1553466796875	0.16008633247111
14.1190004348755	0.444042962044477	13.2529580078125	0.161147894687019
14.2189998626709	0.447314465418458	13.340009765625	0.162372627528384
14.3190002441406	0.450732419267297	13.43346484375	0.163530130521394
14.418999671936	0.453515618573874	13.508248046875	0.164478216902353
14.5190000534058	0.456689449492842	13.59145703125	0.165467150509357
14.6190004348755	0.459619128378108	13.6725712890625	0.166590718436055
14.7189998626709	0.463183590909466	13.767169921875	0.167816499015316
14.8190002441406	0.466748053440824	13.86684375	0.168933693203144
14.918999671936	0.470507802674547	13.9674970703125	0.170328246895224
15.0190000534058	0.473681633593515	14.04936328125	0.171383624547161
15.1190004348755	0.47714842366986	14.1445068359375	0.172433457919396
15.2189998626709	0.480224611237645	14.2223388671875	0.173439766513184
15.3190002441406	0.483447278384119	14.3099189453125	0.174709537532181
15.418999671936	0.486230477690697	14.3851171875	0.175520006450824
15.5190000534058	0.489453144837171	14.4686748046875	0.176685105543584
15.6190004348755	0.492529303301126	14.5469677734375	0.177775393240154
15.7189998626709	0.495898420922458	14.6345859375	0.178783593582921
15.8190002441406	0.499121088068932	14.72139453125	0.180149101652205
15.918999671936	0.50268555060029	14.81103515625	0.181357536348514
16.0189990997314	0.506152340676636	14.89940234375	0.182601841515861
16.1189994812012	0.509814475663006	14.9924736328125	0.183738491614349
16.2189998626709	0.513134757056832	15.07869140625	0.185086435521953
16.3190002441406	0.516601547133178	15.166642578125	0.186123550520279
16.4190006256104	0.519628927577287	15.241869140625	0.187414465472102
16.5189990997314	0.522900372743607	15.3155458984375	0.188653153600171
16.6189994812012	0.526123039890081	15.393068359375	0.190051621757448
16.7189998626709	0.529785174876451	15.484314453125	0.191066632396542
16.8190002441406	0.533251964952797	15.5689970703125	0.192449995665811
16.9190006256104	0.536865205504	15.65085546875	0.193965155631304
17.0189990997314	0.539941422175616	15.7213603515625	0.195557804545388
17.1189994812012	0.543457048479468	15.8045	0.196653840248473
17.2189998626709	0.546875002328306	15.88091015625	0.198154113604687
17.3190002441406	0.550439464859664	15.9622568359375	0.199808971956372
17.4190006256104	0.553417950868607	16.0215185546875	0.200878304895014
17.5189990997314	0.5567871266976	16.0915693359375	0.202289651497267
17.6189994812012	0.559863285161555	16.158271484375	0.203657444217242
17.7189998626709	0.5633300752379	16.22948046875	0.205384611035697
17.8190002441406	0.566650414839387	16.2949130859375	0.206901037017815
17.9190006256104	0.57041016407311	16.3712529296875	0.208713026950136
18.0189990997314	0.573486322537065	16.42532421875	0.21012028446421
18.1189994812012	0.576806662138551	16.48472265625	0.211884471355006
18.2189998626709	0.579882820602506	16.53698046875	0.213425941183232
18.3190002441406	0.583349610678852	16.599578125	0.215233056223951
18.4190006256104	0.586621114052832	16.653443359375	0.216914238990285
18.5189990997314	0.590087904129177	16.7109296875	0.218967543332838
18.6189994812012	0.593359349295497	16.760078125	0.220456859096885
18.7189998626709	0.597070320509374	16.819310546875	0.222918199142441
18.8190002441406	0.600537110585719	16.866302734375	0.224626302951947
18.9190006256104	0.60419924557209	16.918697265625	0.226618809392676
19.0189990997314	0.607324240263551	16.955296875	0.22853713016957
19.1189994812012	0.610888644587249	17.002373046875	0.230824938626029
19.2189998626709	0.614062475506216	17.03111328125	0.232488542678766
19.3190002441406	0.617333978880197	17.066572265625	0.23465949925594
19.4190006256104	0.620166014414281	17.086482421875	0.236342268181033
19.5189990997314	0.623632804490626	17.12583203125	0.238630236708559
19.6189994812012	0.626953144092113	17.1599140625	0.240841851336882
19.7189998626709	0.630761729553342	17.1991875	0.243081463850103
19.8190002441406	0.634228519629687	17.229412109375	0.245351140620187
19.9190006256104	0.637744145933539	17.258240234375	0.247824820689857
20.0189990997314	0.640722631942481	17.269341796875	0.249868287937716
20.1189994812012	0.643994135316461	17.29425390625	0.25216827634722
20.2189998626709	0.64702145755291	17.3080234375	0.25446608196944
20.3190002441406	0.650341797154397	17.331330078125	0.25665681459941
20.4190006256104	0.653076160233468	17.3376171875	0.258570973528549
20.5189990997314	0.656152318697423	17.355419921875	0.260903005255386
20.6189994812012	0.659130862914026	17.3717421875	0.262961053522304
20.7189998626709	0.662646489217877	17.398515625	0.2652037946973
20.8190002441406	0.666357402224094	17.429396484375	0.267765164608136
20.9190006256104	0.670312496367842	17.46261328125	0.270289980107918
21.0189990997314	0.673583999741822	17.474205078125	0.272656965535134
21.1189994812012	0.677197240293026	17.488572265625	0.275233847787604
21.2189998626709	0.680371071211994	17.499296875	0.277774990536273
21.3190002441406	0.683642574585974	17.50704296875	0.280191248748451
21.4190006256104	0.686474610120058	17.5107421875	0.282392575172707
21.5189990997314	0.68984372774139	17.5237421875	0.284675479633734
21.6189994812012	0.692919944413006	17.535322265625	0.286958907963708
21.7189998626709	0.696337898261845	17.5481484375	0.289531832095236
21.8190002441406	0.699609401635826	17.560765625	0.291709526209161
21.9190006256104	0.703320314642042	17.58066015625	0.294176250463352
22.0189990997314	0.706787104718387	17.598908203125	0.296650425298139
22.1189994812012	0.710498075932264	17.61644921875	0.299395498586819
22.2189998626709	0.713720684871078	17.61905078125	0.301589956507087
22.3190002441406	0.717138696927577	17.632515625	0.304205896100029
22.4190006256104	0.720019510481507	17.627470703125	0.306384637951851
22.5189990997314	0.723291013855487	17.6406015625	0.309051683871076
22.6189994812012	0.726318336091936	17.644369140625	0.311252370011061
22.7189998626709	0.729833962395787	17.66059375	0.31380241853185
22.8190002441406	0.733105465769768	17.670607421875	0.316345860483125
22.9190006256104	0.736621092073619	17.68623828125	0.318867823807523
23.0189990997314	0.739648414310068	17.68341015625	0.320953229675069
23.1189994812012	0.743115262594074	17.699814453125	0.323404965456575
23.2189998626709	0.746533216442913	17.711875	0.325883331242949
23.3190002441406	0.750244129449129	17.726205078125	0.328568741679192
23.4190006256104	0.75336912414059	17.723744140625	0.330900307744741
23.5189990997314	0.756884750444442	17.737544921875	0.333495670929551
23.6189994812012	0.760107417590916	17.741884765625	0.335792021360248
23.7189998626709	0.763720716349781	17.760873046875	0.338760117301717
23.8190002441406	0.767285178881139	17.77094921875	0.341125065460801
23.9190006256104	0.771044928114861	17.788216796875	0.343842810252681
24.0189990997314	0.774121086578816	17.781416015625	0.346380431437865
24.1189994812012	0.777539040427655	17.793642578125	0.348898349329829
24.2189998626709	0.780615257099271	17.793416015625	0.351312482962385
24.3190002441406	0.784130883403122	17.80566796875	0.354062765836716
24.4190006256104	0.78730471432209	17.80790234375	0.356341130100191
24.5189990997314	0.790771504398435	17.818322265625	0.359015568392351
24.6189994812012	0.793994113337249	17.820666015625	0.361390499165282
24.7189998626709	0.797753920778632	17.842232421875	0.364092935342342
24.8190002441406	0.801123038399965	17.849916015625	0.366406893590465
24.9190006256104	0.804492214228958	17.853685546875	0.368958164472133
25.0189990997314	0.807568372692913	17.8536875	0.371418398572132
25.1189994812012	0.811035162769258	17.862029296875	0.374118040781468
25.2189998626709	0.814111321233213	17.860751953125	0.37651156890206
25.3190002441406	0.817236315924674	17.866970703125	0.37900116876699
25.4190006256104	0.819970679003745	17.856337890625	0.380966172087938
25.5189990997314	0.823339854832739	17.869962890625	0.383413193048909
25.6189994812012	0.826660136226565	17.88144140625	0.385876424843445
25.7189998626709	0.830468721687794	17.9057421875	0.388824293622747
25.8190002441406	0.8339355699718	17.91300390625	0.391183624742553
25.9190006256104	0.83759764675051	17.92534765625	0.393953872844577
26.0189990997314	0.840673805214465	17.922376953125	0.39651314727962
26.1189994812012	0.844091817270964	17.929818359375	0.39883452700451
26.2189998626709	0.847314426209778	17.93016796875	0.40140756755136
26.3190002441406	0.850683602038771	17.939482421875	0.404028280172497
26.4190006256104	0.853564473800361	17.934513671875	0.406150677008554
26.5189990997314	0.856787082739174	17.942111328125	0.408993160817772
26.6189994812012	0.85986329941079	17.939865234375	0.411071872804314
26.7189998626709	0.863623048644513	17.962162109375	0.413815898355097
26.8190002441406	0.867285183630884	17.975755859375	0.416386610595509
26.9190006256104	0.871093769092113	17.99075390625	0.419225281802937
27.0189990997314	0.874267600011081	17.98929296875	0.421797129092738
27.1189994812012	0.877734390087426	17.995275390625	0.424441503128037
27.2189998626709	0.880712876096368	17.98975	0.426607497502118
27.3190002441406	0.883837870787829	17.99080078125	0.429223233368248
27.4190006256104	0.886669906321913	17.982443359375	0.431274354923517
27.5189990997314	0.8899902459234	17.99319921875	0.433895271271467
27.6189994812012	0.893115240614861	17.995541015625	0.436232192441821
27.7189998626709	0.8965331944637	18.008654296875	0.438699091318995
27.8190002441406	0.899804697837681	18.01361328125	0.441194046288729
27.9190006256104	0.90361328329891	18.036505859375	0.444012403022498
28.0189990997314	0.907128909602761	18.046345703125	0.446646590717137
28.1189994812012	0.910888658836484	18.056568359375	0.449523504357785
28.2189998626709	0.914160162210464	18.057671875	0.451813393738121
28.3190002441406	0.917578116059303	18.0629140625	0.454436900326982
28.4190006256104	0.920458987820894	18.0515703125	0.456863228464499
28.5189990997314	0.923730491194874	18.0571328125	0.459529983345419
28.6189994812012	0.926855485886335	18.055619140625	0.461753457784653
28.7189998626709	0.930517562665045	18.07334765625	0.464280252344906
28.8190002441406	0.933886738494039	18.076791015625	0.467071076855063
28.9190006256104	0.937451142817736	18.089083984375	0.469672144390643
29.0189990997314	0.940576195716858	18.084798828125	0.472093146527186
29.1189994812012	0.944189436268061	18.09853515625	0.474842148832977
29.2189998626709	0.947656226344407	18.101185546875	0.477480731206015
29.3190002441406	0.951171852648258	18.110849609375	0.480066984891891
29.4190006256104	0.954248069319874	18.104998046875	0.48260303447023
29.5189990997314	0.957666023168713	18.111744140625	0.485143944388255
29.6189994812012	0.960742181632668	18.10701953125	0.487371551571414
29.7189998626709	0.964208971709013	18.114955078125	0.490212521981448
29.8190002441406	0.9675293113105	18.118896484375	0.492633553221822
29.9190006256104	0.971093773841858	18.132193359375	0.495400978252292
30.0189990997314	0.9740722598508	18.124234375	0.497920205816627
30.1189994812012	0.977294868789613	18.12938671875	0.500323891174048
30.2189998626709	0.980273471213877	18.1251328125	0.503002433106303
30.3190002441406	0.983740203082561	18.13515234375	0.505004776641726
30.4190006256104	0.986865255981684	18.138404296875	0.507687625940889
30.5189990997314	0.990380882285535	18.1474921875	0.510227284394205
30.6189994812012	0.993603491224349	18.150083984375	0.512458034791052
30.7189998626709	0.997314462438226	18.1663828125	0.515067833475769
30.8190002441406	1.00078119430691	18.168005859375	0.517906271852553
30.9190006256104	1.00434571504593	18.180384765625	0.520481436979026
31.0189990997314	1.00742187350988	18.175341796875	0.522861315403134
31.1189994812012	1.01088872179389	18.18166015625	0.525395851582289
31.2189998626709	1.01396488025784	18.178638671875	0.527972006238997
31.3190002441406	1.01713871117681	18.179873046875	0.530553341377527
31.4190006256104	1.01982417982072	18.170212890625	0.532819365616888
31.5189990997314	1.02314457762986	18.178212890625	0.535296450834721
31.6189994812012	1.02651363704354	18.1884453125	0.537765328772366
31.7189998626709	1.03027338627726	18.20353125	0.540323148015887
31.8190002441406	1.03374023456126	18.21016015625	0.5431366735138
31.9190006256104	1.03745120577514	18.223666015625	0.545747694559395
32.0190010070801	1.0405273642391	18.215056640625	0.548287993296981
32.1189994812012	1.04389654006809	18.220181640625	0.550634053070098
32.2190017700195	1.04707025457174	18.21497265625	0.553296180441976
32.3190002441406	1.05043943040073	18.219669921875	0.555823324248195
32.4189987182617	1.05322268791497	18.211232421875	0.558215484488755
32.5190010070801	1.05634762439877	18.215443359375	0.560375570785254
32.6189994812012	1.05937500484288	18.21391796875	0.562974659260362
32.7190017700195	1.06303708162159	18.228482421875	0.56541443336755
32.8190002441406	1.06669927481562	18.242806640625	0.56822068290785
32.9189987182617	1.07055669650435	18.254798828125	0.570706324651837
33.0190010070801	1.07382808346301	18.25094921875	0.573343015275896
33.1189994812012	1.07749027665704	18.25864453125	0.576101650949568
33.2190017700195	1.08071288559586	18.25834375	0.578607839997858
33.3190002441406	1.08398438896984	18.26130078125	0.58115174761042
33.4189987182617	1.08696287497878	18.2488515625	0.583323067985475
33.5190010070801	1.09042972326279	18.261833984375	0.586148235015571
33.6189994812012	1.0936523322016	18.263443359375	0.588678056374192
33.7190017700195	1.09721685294062	18.27533203125	0.591140938922763
33.8190002441406	1.10053713433444	18.273474609375	0.593503413256258
33.9189987182617	1.10434566158801	18.29239453125	0.596629979554564
34.0190010070801	1.10776361543685	18.29473828125	0.599116610828787
34.1189994812012	1.11132813617587	18.30155078125	0.602131942287087
34.2190017700195	1.11455074511468	18.2960625	0.604579166974872
34.3190002441406	1.11782224848866	18.29558984375	0.606919114943594
34.4189987182617	1.12065428402275	18.2856953125	0.609461101703346
34.5190010070801	1.12387700937688	18.287140625	0.61199365882203
34.6189994812012	1.12695316784084	18.28541796875	0.614465330727398
34.7190017700195	1.13061524461955	18.302384765625	0.61699835350737
34.8190002441406	1.13388674799353	18.303626953125	0.619839469436556
34.9189987182617	1.13740237429738	18.31211328125	0.622185179963708
35.0190010070801	1.14047853276134	18.306396484375	0.624938169494271
35.1189994812012	1.14404293708503	18.317541015625	0.62711734790355
35.2190017700195	1.14750978536904	18.32259765625	0.629903748631477
35.3190002441406	1.15102541167289	18.33077734375	0.63264649361372
35.4189987182617	1.15400389768183	18.320478515625	0.63499272800982
35.5190010070801	1.15742185153067	18.32576171875	0.637504446785897
35.6189994812012	1.16049800999463	18.3245703125	0.640014477539808
35.7190017700195	1.16401363629848	18.330609375	0.642893312033266
35.8190002441406	1.16733403410763	18.337865234375	0.645420281216502
35.9189987182617	1.17099611088634	18.34690234375	0.647940672934055
36.0190010070801	1.17407226935029	18.342201171875	0.650487549137324
36.1189994812012	1.17734377272427	18.34344921875	0.652813469059765
36.2190017700195	1.18041993118823	18.33700390625	0.655246432870626
36.3190002441406	1.18393555749208	18.346564453125	0.657754950225353
36.4189987182617	1.18710938841105	18.3438828125	0.660423364024609
36.5190010070801	1.19057612027973	18.354650390625	0.662932579871267
36.6189994812012	1.1937499511987	18.35316796875	0.665553496219218
36.7190017700195	1.19736324995756	18.361767578125	0.668176275212318
36.8190002441406	1.20063475333154	18.35975390625	0.67058257991448
36.9189987182617	1.20410160161555	18.3676953125	0.673288246616721
37.0190010070801	1.20708008762449	18.36194140625	0.675773189868778
37.1189994812012	1.21044926345348	18.364298828125	0.678478565532714
37.2190017700195	1.21342774946243	18.360720703125	0.680782832205296
37.3190002441406	1.21665035840124	18.365177734375	0.683165853843093
37.4189987182617	1.21943361591548	18.35601953125	0.685728795360774
37.5190010070801	1.2227538973093	18.362439453125	0.688016705680639
37.6189994812012	1.22622074559331	18.37317578125	0.690719054546207
37.7190017700195	1.23007816728204	18.39196484375	0.69335731677711
37.8190002441406	1.23374024406075	18.400177734375	0.696017872542143
37.9189987182617	1.23754877131432	18.41046875	0.698938732966781
38.0190010070801	1.24077149666846	18.402986328125	0.701555341947824
38.1189994812012	1.2441894505173	18.405185546875	0.70433784276247
38.2190017700195	1.24741205945611	18.40157421875	0.707005499862134
38.3190002441406	1.2507812352851	18.403521484375	0.709519197698683
38.4189987182617	1.25356449279934	18.39240234375	0.711995468009263
38.5190010070801	1.25673832371831	18.39343359375	0.714313995558769
38.6189994812012	1.2597655877471	18.393416015625	0.716981594450772
38.7190017700195	1.26347655896097	18.40656640625	0.719545467291027
38.8190002441406	1.26713863573968	18.4168828125	0.722444034181535
38.9189987182617	1.27099605742842	18.4358046875	0.725207442883402
39.0190010070801	1.2742675608024	18.427443359375	0.727856589946896
39.1189994812012	1.27783208154142	18.436119140625	0.730614468920976
39.2190017700195	1.28105469048023	18.42806640625	0.733189925085753
39.3190002441406	1.28427729941905	18.426130859375	0.735952402465045
39.4189987182617	1.2871582293883	18.416056640625	0.738089554943144
39.5190010070801	1.29052728880197	18.42062109375	0.740591203793883
39.6189994812012	1.29360356368124	18.416958984375	0.743120326660573
39.7190017700195	1.29702151753008	18.425123046875	0.74571167351678
39.8190002441406	1.30029302090406	18.427896484375	0.748241844121367
39.9189987182617	1.30400387570262	18.44289453125	0.750878709368408
40.0190010070801	1.30742182955146	18.445306640625	0.753659871406853
40.1189994812012	1.31113280076534	18.455947265625	0.756347551941872
40.2190017700195	1.31445308215916	18.45125390625	0.759165675844997
40.3190002441406	1.31782225798815	18.453869140625	0.761775590945035
40.4189987182617	1.32070307154208	18.441853515625	0.763947784435004
40.5190010070801	1.32407224737108	18.4430625	0.76672324212268
40.6189994812012	1.32729497272521	18.443455078125	0.769321457482874
40.7190017700195	1.33095704950392	18.455216796875	0.771964085288346
40.8190002441406	1.33432622533292	18.454787109375	0.774669053498656
40.9189987182617	1.33774417918175	18.46040625	0.777051202021539
41.0190010070801	1.34077144321054	18.45098046875	0.779443944338709
41.1189994812012	1.34428706951439	18.459484375	0.78224268509075
41.2190017700195	1.34760746732354	18.46001171875	0.784933276008815
41.3190002441406	1.35092774871737	18.463546875	0.787561759352684
41.4189987182617	1.35371088981628	18.449162109375	0.789725338108838
41.5190010070801	1.35703128762543	18.45616796875	0.792161386925727
41.6189994812012	1.36000977363437	18.450779296875	0.794699124526232
41.7190017700195	1.36337894946337	18.459599609375	0.797109678387642
41.8190002441406	1.36660155840218	18.461646484375	0.799473549704999
41.9189987182617	1.37026363518089	18.4760390625	0.802346272394061
42.0190010070801	1.373291015625	18.467673828125	0.804751587565988
42.1189994812012	1.37656251899898	18.47102734375	0.807253120001405
42.2190017700195	1.37963867746294	18.468029296875	0.809796911198646
42.3190002441406	1.38310552574694	18.477208984375	0.81227213377133
42.4189987182617	1.38632813468575	18.4749375	0.814762490335852
42.5190010070801	1.38979486655444	18.483166015625	0.817520369309932
42.6189994812012	1.39301759190857	18.48424609375	0.81999838585034
42.7190017700195	1.39672856312245	18.492451171875	0.822839443571866
42.8190002441406	1.40014651697129	18.494689453125	0.824962626211345
42.9189987182617	1.40380859375	18.50586328125	0.828095769975334
43.0190010070801	1.40693364664912	18.498037109375	0.830484845209867
43.1189994812012	1.41054682899266	18.5060703125	0.833480968140066
43.2190017700195	1.41372065991163	18.49876953125	0.836036517284811
43.3190002441406	1.41708983574063	18.507224609375	0.838804058730602
43.4189987182617	1.41992187127471	18.4958203125	0.841389643028378
43.5190010070801	1.42338871955872	18.50130859375	0.843861722387373
43.6189994812012	1.4268554514274	18.50868359375	0.846466573420912
43.7190017700195	1.4307617675513	18.5220390625	0.849302159622312
43.8190002441406	1.434326171875	18.523671875	0.852248340379447
43.9189987182617	1.4378905761987	18.52768359375	0.855030142702162
44.0190010070801	1.44091795664281	18.51811328125	0.85745268734172
44.1189994812012	1.44423823803663	18.515435546875	0.860090716741979
44.2190017700195	1.44736329093575	18.5120078125	0.862613902427256
44.3190002441406	1.45068357232958	18.51247265625	0.865239126142114
44.4189987182617	1.45346682984382	18.502912109375	0.867778609972447
44.5190010070801	1.45664066076279	18.50321484375	0.870099756866693
44.6189994812012	1.45971681922674	18.500154296875	0.872436328791082
44.7190017700195	1.46352534648031	18.51717578125	0.875140191055834
44.8190002441406	1.4673339901492	18.532423828125	0.877943472005427
44.9189987182617	1.47124018985778	18.54513671875	0.880913634318858
45.0190010070801	1.47451169323176	18.542861328125	0.88387232972309
45.1189994812012	1.47812499199063	18.54649609375	0.886511988937855
45.2190017700195	1.48134760092944	18.534732421875	0.889036164153367
45.3190002441406	1.48452143184841	18.531955078125	0.891712552402169
45.4189987182617	1.48740236181766	18.519533203125	0.894098891876638
45.5190010070801	1.49072264321148	18.523095703125	0.89644588297233
45.6189994812012	1.49384769611061	18.51887890625	0.899244681932032
45.7190017700195	1.49731442797929	18.528939453125	0.901838997378945
45.8190002441406	1.50058593135327	18.5336328125	0.904510205145925
45.9189987182617	1.50434568058699	18.54971875	0.907218316569924
46.0190010070801	1.50776363443583	18.548849609375	0.910132366698235
46.1189994812012	1.51142582762986	18.55304296875	0.912758056074381
46.2190017700195	1.51469721458852	18.548732421875	0.915548065677285
46.3190002441406	1.51791993994266	18.547134765625	0.918031670153141
46.4189987182617	1.52075197547674	18.532400390625	0.920579361263663
46.5190010070801	1.52397458441556	18.5308046875	0.923065410461277
46.6189994812012	1.52705074287951	18.527537109375	0.925402797292918
46.7190017700195	1.53061526361853	18.540412109375	0.928268651477993
46.8190002441406	1.5337890945375	18.5409453125	0.93087472487241
46.9189987182617	1.53720704838634	18.544693359375	0.933514151256531
47.0190010070801	1.54013675637543	18.53769140625	0.935866730287671
47.1189994812012	1.54365238267928	18.5466953125	0.938439625315368
47.2190017700195	1.54707033652812	18.552376953125	0.941165955737233
47.3190002441406	1.55058596283197	18.55552734375	0.943754974287003
47.4189987182617	1.55361322686076	18.550931640625	0.946312036830932
47.5190010070801	1.55717774759978	18.55628125	0.948997214436531
47.6189994812012	1.56035157851875	18.55557421875	0.951504393015057
47.7190017700195	1.56391598284245	18.563142578125	0.95420383149758
47.8190002441406	1.56738283112645	18.568310546875	0.956902105826885
47.9189987182617	1.57109380234033	18.577037109375	0.959670345764607
48.0190010070801	1.57416996080428	18.565154296875	0.962257501669228
48.1189994812012	1.57749024219811	18.566119140625	0.965032028034329
48.2190017700195	1.58051762264222	18.55752734375	0.967556668911129
48.3190002441406	1.58393557649106	18.566533203125	0.970421184320003
48.4189987182617	1.58710940741003	18.56316796875	0.972695823293179
48.5190010070801	1.59057613927871	18.5693671875	0.975303410086781
48.6189994812012	1.59370119217783	18.566162109375	0.977865885943174
48.7190017700195	1.5973144909367	18.577400390625	0.980598968453705
48.8190002441406	1.60068355035037	18.574751953125	0.983209232799709
48.9189987182617	1.60419917665422	18.582294921875	0.986076658591628
49.0190010070801	1.60727533511817	18.577228515625	0.988605315797031
49.1189994812012	1.61074218340218	18.577943359375	0.991357257589698
49.2190017700195	1.6138672363013	18.56937890625	0.993719324469566
49.3190002441406	1.61713862325996	18.57383984375	0.99647615570575
49.4189987182617	1.61997065879405	18.562119140625	0.998746138066053
49.5190010070801	1.62338872905821	18.57035546875	1.00152054801583
49.6189994812012	1.62670901045203	18.57585546875	1.0041423374787
49.7190017700195	1.63056643214077	18.590603515625	1.00703188218176
49.8190002441406	1.63417973089963	18.5964921875	1.00967066828161
49.9189987182617	1.63784180767834	18.603521484375	1.01271236781031
50.0190010070801	1.6409179661423	18.59112890625	1.01500377058983
50.1189994812012	1.64433591999114	18.593798828125	1.01777771487832
50.2190017700195	1.64760742336512	18.58833984375	1.02043442893773
50.3190002441406	1.65097659919411	18.59494921875	1.02313619572669
50.4189987182617	1.65385741274804	18.581845703125	1.02576229255646
50.5190010070801	1.65708002168685	18.58096484375	1.02815078571439
50.6189994812012	1.66015629656613	18.576025390625	1.03073066566139
50.7190017700195	1.66401371825486	18.594388671875	1.03349320124835
50.8190002441406	1.66772457305342	18.60165625	1.03628856595606
50.9189987182617	1.67133787181228	18.609689453125	1.03927543386817
51.0190010070801	1.67446292471141	18.597662109375	1.04190735146403
51.1189994812012	1.67788087856025	18.600154296875	1.04445836041123
51.2190017700195	1.68090825900435	18.590447265625	1.04684894904494
51.3190002441406	1.68403319548815	18.591189453125	1.04947434738278
51.4189987182617	1.68676755856723	18.57473046875	1.05204503051937
51.5190010070801	1.69003906194121	18.584046875	1.05446274392307
51.6189994812012	1.69311522040516	18.579515625	1.05689151678234
51.7190017700195	1.69658206868917	18.588626953125	1.05956185143441
51.8190002441406	1.69980467762798	18.59147265625	1.06221425812691
51.9189987182617	1.7035644268617	18.60407421875	1.06498622335494
52.0190010070801	1.70703127514571	18.6075234375	1.06759811751544
52.1189994812012	1.71079102437943	18.6184921875	1.07052770908922
52.2190017700195	1.71406252775341	18.6134765625	1.07314065098763
52.3190002441406	1.71743158716708	18.613236328125	1.07605883385986
52.4189987182617	1.72031251713634	18.597900390625	1.07827503234148
52.5190010070801	1.72353512607515	18.5999140625	1.08077027834952
52.6189994812012	1.7266112845391	18.593994140625	1.0832033585757
52.7190017700195	1.73022458329797	18.607494140625	1.08609686139971
52.8190002441406	1.73354486469179	18.60725390625	1.08871294651181
52.9189987182617	1.73710938543081	18.615298828125	1.09141762368381
53.0190010070801	1.74018554389477	18.606654296875	1.09402311500162
53.1189994812012	1.74379884265363	18.61492578125	1.09641707967967
53.2190017700195	1.74726557452232	18.61875	1.09938404057175
53.3190002441406	1.75083009526134	18.625109375	1.10218161717057
53.4189987182617	1.75385747570544	18.61421484375	1.10464647877961
53.5190010070801	1.75732420757413	18.618287109375	1.10741576645523
53.6189994812012	1.76040036603808	18.60691796875	1.10998202580959
53.7190017700195	1.76391599234194	18.61615625	1.11249776091427
53.8190002441406	1.76718749571592	18.616099609375	1.11539720091969
53.9189987182617	1.77080079447478	18.62678125	1.11810758244246
54.0190010070801	1.77373050246388	18.6151796875	1.1205836199224
54.1189994812012	1.77695311140269	18.6136953125	1.12324371002614
54.2190017700195	1.7799804918468	18.608205078125	1.1258996091783
54.3190002441406	1.78344722371548	18.610123046875	1.12828658893704
54.4189987182617	1.78666994906962	18.6138125	1.13101280294359
54.5190010070801	1.79018557537347	18.62396484375	1.13381666596979
54.6189994812012	1.79345707874745	18.622072265625	1.13663147203624
54.7190017700195	1.79731450043619	18.636244140625	1.13942427560687
54.8190002441406	1.80087890475988	18.6366328125	1.14229472819716
54.9189987182617	1.80449220351875	18.645779296875	1.14512257277966
55.0190010070801	1.80761714000255	18.63401171875	1.14762736484408
55.1189994812012	1.8111327663064	18.638333984375	1.15027511492372
55.2190017700195	1.81425781920552	18.6315625	1.15319795440882
55.3190002441406	1.81743165012449	18.62841015625	1.15578295662999
55.4189987182617	1.82021479122341	18.613376953125	1.15842197556049
55.5190010070801	1.8235839670524	18.618353515625	1.16087205242366
55.6189994812012	1.82690424844623	18.622568359375	1.16356299258769
55.7190017700195	1.83071289211512	18.63488671875	1.16613297723234
55.8190002441406	1.83417974039912	18.638634765625	1.16908468771726
55.9189987182617	1.83784181717783	18.648103515625	1.17209786549211
56.0190010070801	1.84091797564179	18.6359375	1.17466691881418
56.1189994812012	1.84428715147078	18.6333828125	1.17743876762688
56.2190017700195	1.84746098238975	18.63226953125	1.18016358464956
56.3190002441406	1.85078126378357	18.632587890625	1.18253543041646
56.4189987182617	1.85356440488249	18.61841796875	1.18502927944064
56.5190010070801	1.85668945778161	18.617814453125	1.18764792568982
56.6189994812012	1.85966794379056	18.61304296875	1.18996819946915
56.7190017700195	1.86333002056926	18.627455078125	1.19253585580736
56.8190002441406	1.86689454130828	18.634318359375	1.1954951332882
56.9189987182617	1.87075196299702	18.64894140625	1.19826931040734
57.0190010070801	1.87392579391599	18.64533203125	1.20107922703028
57.1189994812012	1.87749019823968	18.647892578125	1.20372232049704
57.2190017700195	1.88066402915865	18.6391953125	1.20635505300015
57.3190002441406	1.88393553253263	18.637939453125	1.20890978723764
57.4189987182617	1.88686524052173	18.62854296875	1.21150759514421
57.5190010070801	1.89028319437057	18.635794921875	1.21423252858222
57.6189994812012	1.89345702528954	18.63140234375	1.21662253513932
57.7190017700195	1.89697265159339	18.637392578125	1.21947075240314
57.8190002441406	1.90029293298721	18.63527734375	1.22208311222494
57.9189987182617	1.90400390420109	18.647640625	1.22488115448505
58.0190010070801	1.90737308003008	18.650435546875	1.22762576211244
58.1189994812012	1.91098637878895	18.656044921875	1.23054825235158
58.2190017700195	1.91416020970792	18.64971484375	1.23294990044087
58.3190002441406	1.91743159666657	18.647232421875	1.23573746532202
58.4189987182617	1.92026363220066	18.635173828125	1.23805494513363
58.5190010070801	1.92343746311963	18.63358203125	1.24058220535517
58.6189994812012	1.92646484356374	18.631064453125	1.24296778813004
58.7190017700195	1.93002924788743	18.6438984375	1.24626012984663
58.8190002441406	1.93334964569658	18.642349609375	1.24853698071092
58.9189987182617	1.93691405002028	18.6555625	1.25134363770485
59.0190010070801	1.93999020848423	18.646765625	1.25398824457079
59.1189994812012	1.94355472922325	18.654306640625	1.25674006994814
59.2190017700195	1.94702146109194	18.65532421875	1.25956954434514
59.3190002441406	1.9506347598508	18.663537109375	1.26237235963345
59.4189987182617	1.95366214029491	18.655916015625	1.26492453273386
59.5190010070801	1.95712898857892	18.65859375	1.26758171245456
59.6189994812012	1.96025380864739	18.64927734375	1.27032131422311
59.7190017700195	1.96376955136657	18.659873046875	1.27300305757672
59.8190002441406	1.96713861078024	18.65787890625	1.27574405632913
59.9189987182617	1.97089836001396	18.66856640625	1.27873278688639
60.0190010070801	1.97397451847792	18.657548828125	1.28157867584378
60.1189994812012	1.97734381072223	18.660392578125	1.28433096688241
60.2190017700195	1.98046886362135	18.655150390625	1.2866526376456
60.3190002441406	1.98403326794505	18.6631484375	1.28970528021455
60.4189987182617	1.98725587688386	18.65921875	1.29221798852086
60.5190010070801	1.99077138677239	18.66408984375	1.29511998966336
60.6189994812012	1.99404289014637	18.65984765625	1.29764957819134
60.7190017700195	1.99770508334041	18.666587890625	1.30046415142715
60.8190002441406	2.00107414275408	18.662794921875	1.30328291561455
60.9189987182617	2.00444343499839	18.665404296875	1.30575464572757
61.0190010070801	2.00742180459201	18.65260546875	1.30862870719284
61.1189994812012	2.01079109683633	18.65668359375	1.31109158974141
61.2190017700195	2.01381836086512	18.649326171875	1.31354085169733
61.3190002441406	2.01699207536876	18.647484375	1.31639942992479
61.4189987182617	2.019775332883	18.638037109375	1.31871574558318
61.5190010070801	2.02314462512732	18.6451015625	1.32116070017219
61.6189994812012	2.02656257897615	18.647244140625	1.32396060507745
61.7190017700195	2.03046877868474	18.665349609375	1.32695795036852
61.8190002441406	2.0340820774436	18.67226953125	1.32946483790874
61.9189987182617	2.03784182667732	18.678103515625	1.33250211365521
62.0190010070801	2.04091798514128	18.668255859375	1.33521540556103
62.1189994812012	2.04433593899012	18.667306640625	1.33791367989033
62.2190017700195	2.04750965349376	18.6621484375	1.34063838049769
62.3190002441406	2.05083005130291	18.6614609375	1.3430843828246
62.4189987182617	2.05356441438198	18.64630859375	1.34567555505782
62.5190010070801	2.0566894672811	18.64490234375	1.34811317548156
62.6189994812012	2.05966806970537	18.6406328125	1.35072553530335
62.7190017700195	2.06337892450392	18.652720703125	1.35323067661375
62.8190002441406	2.06699222326279	18.663595703125	1.35601859074086
62.9189987182617	2.0708495285362	18.67792578125	1.35900941677392
63.0190010070801	2.07402347587049	18.669630859375	1.36167590972036
63.1189994812012	2.07758788019419	18.67663671875	1.36459385976195
63.2190017700195	2.08071293309331	18.668984375	1.36719539295882
63.3190002441406	2.08393554203212	18.666837890625	1.36982253752649
63.4189987182617	2.08676769398153	18.65273828125	1.37222860939801
63.5190010070801	2.09003896452487	18.65226953125	1.37476064264774
63.6189994812012	2.09311512298882	18.64828515625	1.37733446899801
63.7190017700195	2.09648441523314	18.6547890625	1.37989223003387
63.8190002441406	2.09970702417195	18.655529296875	1.38237455394119
63.9189987182617	2.10336921736598	18.666236328125	1.38526014052331
64.0189971923828	2.10678717121482	18.67239453125	1.38790323399007
64.1190032958984	2.11049802601337	18.68106640625	1.39108393341303
64.2190017700195	2.11376952938735	18.67837890625	1.39363715425134
64.3190002441406	2.11728527210653	18.68082421875	1.39648409094661
64.4189987182617	2.12026364170015	18.6679140625	1.39895349275321
64.5189971923828	2.1235840395093	18.6697578125	1.40179693698883
64.6190032958984	2.12680664844811	18.6635625	1.40431057661772
64.7190017700195	2.13056639768183	18.67794140625	1.40724657103419
64.8190002441406	2.1339354570955	18.6770546875	1.41001166775823
64.9189987182617	2.13750009424984	18.6796015625	1.41281890682876
65.0189971923828	2.1405762527138	18.670666015625	1.41563115175813
65.1190032958984	2.1441406570375	18.678150390625	1.41828542109579
65.2190017700195	2.14750971645117	18.67776171875	1.42129801679403
65.3190002441406	2.15092767030001	18.6784765625	1.42381154000759
65.4189987182617	2.15390627272427	18.66647265625	1.4266223879531
65.5189971923828	2.15722667053342	18.670673828125	1.42920773942024
65.6190032958984	2.16025393456221	18.6629375	1.43170682713389
65.7190017700195	2.16372078284621	18.66883203125	1.43443990964442
65.8190002441406	2.16699228622019	18.66753125	1.43678660970181
65.9189987182617	2.17065424658358	18.67811328125	1.43976719118655
66.0189971923828	2.17368174344301	18.666212890625	1.44257210195065
66.1190032958984	2.17695301398635	18.672111328125	1.4452903997153
66.2190017700195	2.17998051084578	18.663513671875	1.44764536526054
66.3190002441406	2.18344735912979	18.666248046875	1.45002279896289
66.4189987182617	2.18662107363343	18.663302734375	1.45293259993196
66.5189971923828	2.19003902748227	18.66908203125	1.45555997733027
66.6190032958984	2.19321297481656	18.6657265625	1.45810632966459
66.7190017700195	2.19687493517995	18.67346484375	1.46082323044538
66.8190002441406	2.20024422742426	18.674009765625	1.46373233292252
66.9189987182617	2.20380863174796	18.678181640625	1.46628473885357
67.0189971923828	2.20683589577675	18.67190234375	1.46910257171839
67.1190032958984	2.21030274406075	18.6751640625	1.4718925813213
67.2190017700195	2.2134764585644	18.674748046875	1.47432659287006
67.3190002441406	2.21674796193838	18.671193359375	1.47692486643791
67.4189987182617	2.21958011388779	18.658748046875	1.47929275408387
67.5189971923828	2.22294917330146	18.6609765625	1.48209999315441
67.6190032958984	2.2263671271503	18.66744140625	1.48482946678996
67.7190017700195	2.23022466525435	18.679205078125	1.48767197970301
67.8190002441406	2.23374017514288	18.68459765625	1.49056978989393
67.9189987182617	2.23740236833692	18.689115234375	1.49319309275597
68.0189971923828	2.2404296323657	18.6786328125	1.49576389230788
68.1190032958984	2.24370113573968	18.67404296875	1.49893620982766
68.2190017700195	2.24682618863881	18.66866015625	1.50127313099802
68.3190002441406	2.25014658644795	18.671123046875	1.50396348908544
68.4189987182617	2.25297850556672	18.6583984375	1.5063788741827
68.5189971923828	2.25610355846584	18.65664453125	1.50858203414828
68.6190032958984	2.25917971692979	18.655525390625	1.51129625737667
68.7190017700195	2.26284191012383	18.6665703125	1.51414086576551
68.8190002441406	2.26665032096207	18.682603515625	1.51691946666688
68.9189987182617	2.27060541510582	18.69616015625	1.51996489148587
69.0189971923828	2.27397470735013	18.691599609375	1.52269122190773
69.1190032958984	2.27763666771352	18.695720703125	1.52577611152083
69.2190017700195	2.28085927665234	18.688564453125	1.52859615627676
69.3190002441406	2.28413078002632	18.682548828125	1.53123051859438
69.4189987182617	2.28696293197572	18.66955078125	1.53361796401441
69.5189971923828	2.29033199138939	18.674693359375	1.5363359125331
69.6190032958984	2.29345704428852	18.67033203125	1.53895316179842
69.7190017700195	2.29692389257252	18.6732421875	1.54172419570386
69.8190002441406	2.3001953959465	18.673162109375	1.54454575385898
69.9189987182617	2.30395514518023	18.68517578125	1.54748454224318
70.0189971923828	2.30742176063359	18.687810546875	1.55015650670975
70.1190032958984	2.31113284826279	18.692921875	1.55310775153339
70.2190017700195	2.31440435163677	18.687470703125	1.55608530621976
70.3190002441406	2.31782230548561	18.687568359375	1.55886635184288
70.4189987182617	2.32070311903954	18.673283203125	1.56155868899077
70.5189971923828	2.32392572797835	18.670951171875	1.56411877833307
70.6190032958984	2.3270018864423	18.665591796875	1.56669865828007
70.7190017700195	2.330566290766	18.6760234375	1.56946340575814
70.8190002441406	2.33383779413998	18.6750859375	1.57226773444563
70.9189987182617	2.33725574798882	18.6775703125	1.57484377268702
71.0189971923828	2.34023435041308	18.67221875	1.57746591139585
71.1190032958984	2.34379875473678	18.676447265625	1.5803111018613
71.2190017700195	2.34721670858562	18.679283203125	1.58328341785818
71.3190002441406	2.35078134573996	18.685583984375	1.58593209926039
71.4189987182617	2.35390616580844	18.67665625	1.58853258471936
71.5189971923828	2.35742190852761	18.684783203125	1.59140909090638
71.6190032958984	2.36059562303126	18.677814453125	1.59403006546199
71.7190017700195	2.3641602601856	18.682916015625	1.59697921480983
71.8190002441406	2.36762687563896	18.681689453125	1.59970670938492
71.9189987182617	2.37124017439783	18.688673828125	1.60287762992084
72.0189971923828	2.37426767125726	18.678716796875	1.60553108435124
72.1190032958984	2.37749028019607	18.67746484375	1.60796311683953
72.2190017700195	2.38046864978969	18.667546875	1.61074672359973
72.3190002441406	2.38388660363853	18.668826171875	1.61339400801808
72.4189987182617	2.38701165653765	18.666443359375	1.61617435514927
72.5189971923828	2.39038094878197	18.6700625	1.61881477106363
72.6190032958984	2.39350576885045	18.667716796875	1.62137090228498
72.7190017700195	2.39716796204448	18.67734375	1.62419816479087
72.8190002441406	2.40053702145815	18.6773671875	1.6267595347017
72.9189987182617	2.40400386974216	18.6802421875	1.62976619321853
73.0189971923828	2.40703113377094	18.67430859375	1.63250183686614
73.1190032958984	2.41049798205495	18.67592578125	1.6351630911231
73.2190017700195	2.41362303495407	18.670966796875	1.63790199439973
73.3190002441406	2.41684564389288	18.670525390625	1.64057302754372
73.4189987182617	2.41967779584229	18.661505859375	1.64309830870479
73.5189971923828	2.42299796082079	18.66485546875	1.64590147323906
73.6190032958984	2.42636725306511	18.670462890625	1.64858077187091
73.7190017700195	2.43022455833852	18.684478515625	1.65149313397706
73.8190002441406	2.43378896266222	18.690830078125	1.65408791508526
73.9189987182617	2.43754871189594	18.69877734375	1.65719841606915
74.0189971923828	2.44067376479506	18.6884609375	1.66003534104675
74.1190032958984	2.4440917186439	18.686271484375	1.66258646640927
74.2190017700195	2.44731456041336	18.67979296875	1.66562187951058
74.3190002441406	2.4507325142622	18.6843046875	1.66845950298011
74.4189987182617	2.4536622222513	18.673494140625	1.6708264593035
74.5189971923828	2.45688483119011	18.673228515625	1.67364289518446
74.6190032958984	2.45996098965406	18.667021484375	1.67618715204298
74.7190017700195	2.46376963332295	18.679568359375	1.6790684312582
74.8190002441406	2.46748048812151	18.6900234375	1.68230372946709
74.9189987182617	2.47119134292006	18.69811328125	1.68548093643039
75.0189971923828	2.47436529025435	18.689703125	1.68812507763505
75.1190032958984	2.47783213853836	18.694185546875	1.69108074624091
75.2190017700195	2.48090829700232	18.681806640625	1.69355049729347
75.3190002441406	2.48403311707079	18.67507421875	1.69645482674241
75.4189987182617	2.4868652690202	18.66617578125	1.69894425198436
75.5189971923828	2.49023432843387	18.6693359375	1.7016400815919
75.6190032958984	2.49331048689783	18.667748046875	1.70442461967468
75.7190017700195	2.49677733518183	18.674384765625	1.70712650287896
75.8190002441406	2.50004883855581	18.674673828125	1.7097934614867
75.9189987182617	2.50390614382923	18.68690625	1.71268882695585
76.0189971923828	2.5074218865484	18.690986328125	1.71586312353611
76.1190032958984	2.51113274134696	18.6954765625	1.71894021332264
76.2190017700195	2.5144531391561	18.689421875	1.7218851717189
76.3190002441406	2.51782219856977	18.689087890625	1.72447494696826
76.4189987182617	2.52075190655887	18.67319140625	1.72717426903546
76.5189971923828	2.52402340993285	18.6731015625	1.72981945797801
76.6190032958984	2.52705067396164	18.6645859375	1.73266988713294
76.7190017700195	2.53071286715567	18.6746328125	1.73544557765126
76.8190002441406	2.53398437052965	18.673119140625	1.738112536259
76.9189987182617	2.53750011324883	18.677796875	1.7411329317838
77.0189971923828	2.54052737727761	18.670056640625	1.74370501190424
77.1190032958984	2.54404288716614	18.67592578125	1.7464654520154
77.2190017700195	2.54746084101498	18.67666015625	1.74937024712563
77.3190002441406	2.55092768929899	18.6792421875	1.75256293732673
77.4189987182617	2.55390629172325	18.66737890625	1.75472325645387
77.5189971923828	2.55727535113692	18.669302734375	1.75764935556799
77.6190032958984	2.56030284799635	18.661818359375	1.76034343894571
77.7190017700195	2.56372080184519	18.669421875	1.76318525336683
77.8190002441406	2.56699207238853	18.6674609375	1.76567712333053
77.9189987182617	2.57055670954287	18.674064453125	1.76871463190764
78.0189971923828	2.57348641753197	18.664302734375	1.77127635106444
78.1190032958984	2.57666013203561	18.6651484375	1.77374412305653
78.2190017700195	2.5796873960644	18.655845703125	1.77644414361566
78.3190002441406	2.58310558274388	18.663126953125	1.77921983413398
78.4189987182617	2.58637685328722	18.664392578125	1.78170495200902
78.5189971923828	2.58984370157123	18.669982421875	1.78441382013261
78.6190032958984	2.59316409938037	18.672521484375	1.78719090763479
78.7190017700195	2.5969238486141	18.678470703125	1.79017975460738
78.8190002441406	2.60043935850263	18.68378125	1.79295346606523
78.9189987182617	2.60410155169666	18.687849609375	1.79607653990388
79.0189971923828	2.60722660459578	18.679126953125	1.79854710586369
79.1190032958984	2.61074211448431	18.68083984375	1.80157064460218
79.2190017700195	2.61381827294827	18.675552734375	1.80402782279998
79.3190002441406	2.61704111471772	18.67261328125	1.80677627213299
79.4189987182617	2.61977547779679	18.6584140625	1.8090921221301
79.5189971923828	2.62314453721046	18.661625	1.81175698526204
79.6190032958984	2.62651359662414	18.667248046875	1.81431346572936
79.7190017700195	2.63037113472819	18.67859765625	1.81773665826768
79.8190002441406	2.63388664461672	18.685013671875	1.82064925320446
79.9189987182617	2.63764639385045	18.690787109375	1.82342412881553
80.0189971923828	2.64077144674957	18.67914453125	1.82631914503872
80.1190032958984	2.64414073899388	18.679638671875	1.82898307684809
80.2190017700195	2.6473633479327	18.67201953125	1.83177285362035
80.3190002441406	2.65078130178154	18.6737890625	1.83461478445679
80.4189987182617	2.6536132209003	18.659095703125	1.83719175402075
80.5189971923828	2.65673827379942	18.6580859375	1.83959561400115
80.6190032958984	2.65971687622368	18.653666015625	1.84236827772111
80.7190017700195	2.66342773102224	18.663990234375	1.84507016092539
80.8190002441406	2.66713858582079	18.67606640625	1.84792757499963
80.9189987182617	2.67099612392485	18.684931640625	1.85096822679043
81.0189971923828	2.67426762729883	18.681005859375	1.85399118345231
81.1190032958984	2.67792958766222	18.68518359375	1.8569054082036
81.2190017700195	2.68115242943168	18.67742578125	1.85945385601372
81.3190002441406	2.68442393280566	18.672927734375	1.86235806904733
81.4189987182617	2.68740230239928	18.66384765625	1.86503538861871
81.5189971923828	2.69082025624812	18.6660390625	1.867676503025
81.6190032958984	2.69399420358241	18.663873046875	1.87027233187109
81.7190017700195	2.69750971347094	18.668001953125	1.87305454164743
81.8190002441406	2.70083011128008	18.666302734375	1.87571090646088
81.9189987182617	2.70449207164347	18.67435546875	1.87871081288904
82.0189971923828	2.70786136388779	18.6714140625	1.88131735194474
82.1190032958984	2.71137687377632	18.671748046875	1.88408955000341
82.2190017700195	2.71450192667544	18.664935546875	1.88688246998936
82.3190002441406	2.71777343004942	18.66503515625	1.8894582754001
82.4189987182617	2.72055668756366	18.647521484375	1.89209508243948
82.5189971923828	2.7237304020673	18.64721875	1.89473235514015
82.6190032958984	2.72670900449157	18.64259375	1.89717242028564
82.7190017700195	2.73032230325043	18.653064453125	1.8998725572601
82.8190002441406	2.73359380662441	18.653623046875	1.90251390449703
82.9189987182617	2.73706065490842	18.65816796875	1.90510787069798
83.0189971923828	2.74008791893721	18.652119140625	1.90771836787462
83.1190032958984	2.74360342882574	18.657974609375	1.91046681720763
83.2190017700195	2.74707027710974	18.66119921875	1.91349862143397
83.3190002441406	2.75063468143344	18.667099609375	1.9162081880495
83.4189987182617	2.75366217829287	18.661275390625	1.9188312580809
83.5189971923828	2.75708013214171	18.668185546875	1.92161765880883
83.6190032958984	2.76020518504083	18.65966796875	1.92426447756588
83.7190017700195	2.76367180049419	18.66290234375	1.92731141578406
83.8190002441406	2.76708975434303	18.66648046875	1.93003343883902
83.9189987182617	2.77080084197223	18.673181640625	1.93292507901788
84.0189971923828	2.77387700043619	18.660103515625	1.93562125787139
84.1190032958984	2.77724605984986	18.662095703125	1.9379238365218
84.2190017700195	2.78037111274898	18.65737109375	1.94070511497557
84.3190002441406	2.78388662263751	18.66098828125	1.9435731228441
84.4189987182617	2.78715812601149	18.657669921875	1.94614985957742
84.5189971923828	2.79067386873066	18.6622421875	1.94896175526083
84.6190032958984	2.79389647766948	18.659916015625	1.95168075151742
84.7190017700195	2.79755867086351	18.66654296875	1.95474759675562
84.8190002441406	2.80092773027718	18.664482421875	1.95759464986622
84.9189987182617	2.80429678969085	18.66378125	1.96028198115528
85.0189971923828	2.80727539211512	18.652896484375	1.96298258379102
85.1190032958984	2.81069334596395	18.656578125	1.96578190661967
85.2190017700195	2.81372060999274	18.650849609375	1.96849694475532
85.3190002441406	2.8169434517622	18.647130859375	1.97088159620762
85.4189987182617	2.81972647644579	18.638828125	1.97333307005465
85.5189971923828	2.82314443029463	18.6421875	1.97620922699571
85.6190032958984	2.82661127857864	18.648240234375	1.97890331037343
85.7190017700195	2.83056637272239	18.665697265625	1.981804613024
85.8190002441406	2.83417967148125	18.670630859375	1.98465888388455
85.9189987182617	2.83793942071497	18.67762109375	1.9877185113728
86.0189971923828	2.84116202965379	18.667390625	1.99074577540159
86.1190032958984	2.84457998350263	18.66485546875	1.9935688469559
86.2190017700195	2.84780282527208	18.658900390625	1.99641031213105
86.3190002441406	2.85107432864606	18.657376953125	1.99913885444403
86.4189987182617	2.85385735332966	18.63980078125	2.00170208700001
86.5189971923828	2.85703130066395	18.63958203125	2.00420361943543
86.6190032958984	2.86005856469274	18.62984765625	2.0065838471055
86.7190017700195	2.86381831392646	18.644083984375	2.00948189012706
86.8190002441406	2.86743161268532	18.64912890625	2.01253267005086
86.9189987182617	2.87119136191905	18.66221875	2.01530498452485
87.0189971923828	2.87441397085786	18.6510234375	2.01776088215411
87.1190032958984	2.87792971357703	18.6570703125	2.02086521312594
87.2190017700195	2.88095697760582	18.6445234375	2.02342448756099
87.3190002441406	2.88408203050494	18.640119140625	2.02622846700251
87.4189987182617	2.88686528801918	18.6300078125	2.02840217389166
87.5189971923828	2.89018545299768	18.630732421875	2.0313102286309
87.6190032958984	2.89321294985712	18.627939453125	2.03375122509897
87.7190017700195	2.89658200927079	18.63264453125	2.03648814931512
87.8190002441406	2.89970706216991	18.626443359375	2.03910190612078
87.9189987182617	2.90341791696846	18.63806640625	2.04197410494089
88.0189971923828	2.9068358708173	18.63924609375	2.04480974934995
88.1190032958984	2.91049806401134	18.648087890625	2.04752129502594
88.2190017700195	2.91372067295015	18.645001953125	2.05037859268486
88.3190002441406	2.91718752123415	18.64463671875	2.05304753035307
88.4189987182617	2.92016612365842	18.634099609375	2.05567036755383
88.5189971923828	2.92348628863692	18.628802734375	2.05854116939008
88.6190032958984	2.92661134153605	18.63137109375	2.06072325818241
88.7190017700195	2.9303221963346	18.640234375	2.06377170979977
88.8190002441406	2.93374015018344	18.64361328125	2.0666231866926
88.9189987182617	2.93730478733778	18.646255859375	2.06950935535133
89.0189971923828	2.94038094580173	18.639484375	2.07221391610801
89.1190032958984	2.9439942445606	18.644587890625	2.07488937303424
89.2190017700195	2.94741219840944	18.644390625	2.07773898728192
89.3190002441406	2.9508788138628	18.644591796875	2.08072829991579
89.4189987182617	2.95390631072223	18.6323203125	2.08312598988414
89.5189971923828	2.9572753701359	18.633173828125	2.08578002639115
89.6190032958984	2.96035152859986	18.629875	2.08839029073715
89.7190017700195	2.96386727131903	18.632763671875	2.09113513119519
89.8190002441406	2.96718743629754	18.632732421875	2.09387461654842
89.9189987182617	2.97089852392673	18.644337890625	2.09680828265846
90.0189971923828	2.97392578795552	18.633001953125	2.09919782355428
90.1190032958984	2.97724618576467	18.63330859375	2.10211798548698
90.2190017700195	2.98037100583315	18.625646484375	2.10469285957515
90.3190002441406	2.98388674855232	18.633033203125	2.10731639526784
90.4189987182617	2.98710935749114	18.627865234375	2.10999348200858
90.5189971923828	2.99057620577514	18.63078125	2.11279164068401
90.6190032958984	2.99384770914912	18.629703125	2.11548735387623
90.7190017700195	2.99760745838284	18.64039453125	2.11842637509108
90.8190002441406	3.00107430666685	18.640119140625	2.1212890278548
90.9189987182617	3.00454092212021	18.639064453125	2.12423200719059
91.0189971923828	3.0077148694545	18.626263671875	2.12681526318192
91.1190032958984	3.01123037934303	18.630623046875	2.12975265458226
91.2190017700195	3.01440432667732	18.625865234375	2.13223043829203
91.3190002441406	3.01762693561614	18.618591796875	2.13514687493443
91.4189987182617	3.02050774917006	18.611978515625	2.1375163923949
91.5189971923828	3.02397459745407	18.6149140625	2.14028754271567
91.6190032958984	3.02744144573808	18.619923828125	2.14301701635122
91.7190017700195	3.03125008940697	18.630787109375	2.14588479138911
91.8190002441406	3.0347655992955	18.627025390625	2.14884988963604
91.9189987182617	3.0382324475795	18.63233203125	2.15143198147416
92.0189971923828	3.04121105000377	18.61505859375	2.15417635627091
92.1190032958984	3.0444823205471	18.614474609375	2.15680198743939
92.2190017700195	3.04750981740654	18.605380859375	2.15932191349566
92.3190002441406	3.05073242634535	18.602970703125	2.16196780093014
92.4189987182617	3.05346678942442	18.592880859375	2.16432008892298
92.5189971923828	3.05654294788837	18.589103515625	2.1668856497854
92.6190032958984	3.05952155031264	18.585451171875	2.16910801827908
92.7190017700195	3.06318351067603	18.59782421875	2.17185216024518
92.8190002441406	3.06689459830523	18.6099765625	2.17474298551679
92.9189987182617	3.07075190357864	18.620607421875	2.17758375220001
93.0189971923828	3.07402340695262	18.616958984375	2.1803614217788
93.1190032958984	3.07763670571148	18.6178671875	2.18338868580759
93.2190017700195	3.08081065304577	18.613564453125	2.18581105582416
93.3190002441406	3.08398436754942	18.60665234375	2.18843878246844
93.4189987182617	3.08681651949883	18.594736328125	2.19103205017745
93.5189971923828	3.0901855789125	18.600029296875	2.19367537647486
93.6190032958984	3.09331063181162	18.59349609375	2.19633523374796
93.7190017700195	3.09677724726498	18.597294921875	2.19890801236033
93.8190002441406	3.10004875063896	18.5983515625	2.20169615931809
93.9189987182617	3.10380849987268	18.611138671875	2.20418092794716
94.0189971923828	3.10722645372152	18.60966015625	2.20691808499396
94.1190032958984	3.11093754135072	18.61870703125	2.21004197373986
94.2190017700195	3.1142090447247	18.6119921875	2.2128950804472
94.3190002441406	3.11762699857354	18.610134765625	2.21572583541274
94.4189987182617	3.12050781212747	18.596712890625	2.21806718036532
94.5189971923828	3.12373042106628	18.590767578125	2.22075101919472
94.6190032958984	3.12685547396541	18.588400390625	2.22320831380785
94.7190017700195	3.1304198782891	18.596927734375	2.22626887261868
94.8190002441406	3.13369138166308	18.597697265625	2.22864816896617
94.9189987182617	3.13710933551192	18.600759765625	2.23166355863214
95.0189971923828	3.14008793793619	18.591984375	2.23417952656746
95.1190032958984	3.14365234225988	18.59668359375	2.23705777898431
95.2190017700195	3.14707029610872	18.597041015625	2.23992299288511
95.3190002441406	3.15068359486759	18.60502734375	2.24269181489944
95.4189987182617	3.15380864776671	18.5969140625	2.24524200893939
95.5189971923828	3.15732415765524	18.600017578125	2.24825390614569
95.6190032958984	3.16049810498953	18.591578125	2.25076335482299
95.7190017700195	3.16416006535292	18.600259765625	2.2537843324244
95.8190002441406	3.16762691363692	18.600640625	2.25636758841574
95.9189987182617	3.17133800126612	18.605576171875	2.25946609862149
96.0189971923828	3.17441415973008	18.59240625	2.26215599104762
96.1190032958984	3.17768566310406	18.58915234375	2.26478953845799
96.2190017700195	3.18076182156801	18.580583984375	2.26745870895684
96.3190002441406	3.18422843702137	18.58571484375	2.27035046555102
96.4189987182617	3.18740238435566	18.580013671875	2.2727632895112
96.5189971923828	3.19086923263967	18.58310546875	2.27568158879876
96.6190032958984	3.19409184157848	18.577201171875	2.27841408923268
96.7190017700195	3.19775380194187	18.584328125	2.28137569501996
96.8190002441406	3.20117198862135	18.5833671875	2.28405999951065
96.9189987182617	3.20454104803503	18.583880859375	2.28674267418683
97.0189971923828	3.20761720649898	18.573767578125	2.28948262520134
97.1190032958984	3.21108405478299	18.57508203125	2.29223002679646
97.2190017700195	3.21411131881177	18.566453125	2.29485728777945
97.3190002441406	3.21728526614606	18.563896484375	2.29761679656804
97.4189987182617	3.22001962922513	18.55090625	2.29984102770686
97.5189971923828	3.22338868863881	18.552955078125	2.30224058032036
97.6190032958984	3.22670908644795	18.5575703125	2.30506039224565
97.7190017700195	3.2305174972862	18.57112109375	2.30797822587192
97.8190002441406	3.23403324000537	18.570755859375	2.31067254208028
97.9189987182617	3.23769520036876	18.579974609375	2.31386278755963
98.0189971923828	3.24077159166336	18.5682421875	2.3164814338088
98.1190032958984	3.2441895455122	18.570251953125	2.31891847215593
98.2190017700195	3.24741215445101	18.56101953125	2.32160813175142
98.3190002441406	3.25078121386468	18.564677734375	2.324448665604
98.4189987182617	3.25366202741861	18.549763671875	2.32696952298284
98.5189971923828	3.2568359747529	18.547150390625	2.32956046238542
98.6190032958984	3.25991213321686	18.541171875	2.33214953914285
98.7190017700195	3.26367188245058	18.55353125	2.33492301777005
98.8190002441406	3.26728518120944	18.558671875	2.33770860359073
98.9189987182617	3.27104493044317	18.568560546875	2.34059756621718
99.0189971923828	3.27416998334229	18.558298828125	2.34333146363497
99.1190032958984	3.2776368316263	18.55898828125	2.34611285850406
99.2190017700195	3.28071299009025	18.54834375	2.34885816462338
99.3190002441406	3.28383781015873	18.54413671875	2.35131732188165
99.4189987182617	3.28666996210814	18.53194921875	2.35390570014715
99.5189971923828	3.28999012708664	18.532431640625	2.35653063282371
99.6190032958984	3.29311517998576	18.52866796875	2.35914741642773
99.7190017700195	3.29658202826977	18.5336953125	2.36164219677448
99.8190002441406	3.29990242607892	18.537337890625	2.36463593319058
99.9189987182617	3.30366217531264	18.550255859375	2.36727064475417
100.018997192383	3.30717768520117	18.548525390625	2.37024948000908
100.119003295898	3.31093743443489	18.556279296875	2.37306603230536
100.21900177002	3.31420893780887	18.549791015625	2.3757885210216
100.319000244141	3.31762689165771	18.548427734375	2.37884162925184
100.418998718262	3.32055659964681	18.53394140625	2.38123605959117
100.518997192383	3.32377920858562	18.530662109375	2.38404283300042
100.619003295898	3.32695315591991	18.526197265625	2.38654273562133
100.71900177002	3.33066401071846	18.538228515625	2.38955765962601
100.819000244141	3.33398440852761	18.532345703125	2.39226943813264
100.918998718262	3.33749991841614	18.535853515625	2.39514233544469
101.018997192383	3.34062497131526	18.52634375	2.39793304353952
101.119003295898	3.3442871645093	18.5342734375	2.40068533457816
101.21900177002	3.3477540127933	18.53041796875	2.4034904781729
101.319000244141	3.35122062824667	18.531935546875	2.40622507408261
101.418998718262	3.3542481251061	18.521529296875	2.40876595489681
101.518997192383	3.35771474055946	18.521865234375	2.41161021403968
101.619003295898	3.36083979345858	18.510421875	2.4142290931195
101.71900177002	3.36430664174259	18.514529296875	2.41720303893089
101.819000244141	3.36757814511657	18.5103125	2.41986173205078
101.918998718262	3.37114254944026	18.513962890625	2.42264941334724
102.018997192383	3.37412115186453	18.505458984375	2.4253202136606
102.119003295898	3.37734376080334	18.5001484375	2.42796912789345
102.21900177002	3.38037102483213	18.49182421875	2.43027647957206
102.319000244141	3.38378897868097	18.49672265625	2.43311724625528
102.418998718262	3.38701182045043	18.4955078125	2.43550003506243
102.518997192383	3.39052733033895	18.4950078125	2.43868911638856
102.619003295898	3.39370127767324	18.49265234375	2.44113011285663
102.71900177002	3.39750968851149	18.503974609375	2.44399765506387
102.819000244141	3.40092764236033	18.5031015625	2.44686449877918
102.918998718262	3.40449227951467	18.5010390625	2.44965986348689
103.018997192383	3.40756843797863	18.48860546875	2.45212996378541
103.119003295898	3.41103505343199	18.49281640625	2.45497864671052
103.21900177002	3.41411121189594	18.481759765625	2.45750811882317
103.319000244141	3.41728515923023	18.479017578125	2.46007647365332
103.418998718262	3.4200195223093	18.461736328125	2.46278755366802
103.518997192383	3.42338858172297	18.467548828125	2.46519362553954
103.619003295898	3.42666008509696	18.46636328125	2.46796803548932
103.71900177002	3.43046872876585	18.477685546875	2.47077760286629
103.819000244141	3.43393557704985	18.47704296875	2.4738700594753
103.918998718262	3.43759777024388	18.48266015625	2.47651501558721
104.018997192383	3.44067392870784	18.473478515625	2.47890711762011
104.119003295898	3.44404298812151	18.47014453125	2.4817471858114
104.21900177002	3.44716804102063	18.4659140625	2.48454394750297
104.319000244141	3.4505371004343	18.4668359375	2.48732604086399
104.418998718262	3.45332035794854	18.450470703125	2.48997169546783
104.518997192383	3.45644541084766	18.445712890625	2.49227811582386
104.619003295898	3.45942378044128	18.436201171875	2.49498663470149
104.71900177002	3.46308597363532	18.446642578125	2.49773729592562
104.819000244141	3.4667479339987	18.45617578125	2.50073475763202
104.918998718262	3.47060547210276	18.4654921875	2.50372150912881
105.018997192383	3.47382808104157	18.457603515625	2.50599277205765
105.119003295898	3.47744137980044	18.460791015625	2.50906590372324
105.21900177002	3.48071288317442	18.45280859375	2.51182937063277
105.319000244141	3.4839843865484	18.446453125	2.51459633000195
105.418998718262	3.4869140945375	18.431974609375	2.51707155257463
105.518997192383	3.49033204838634	18.435326171875	2.52006016671658
105.619003295898	3.49355465732515	18.42780078125	2.52263387665153
105.71900177002	3.49716795608401	18.433453125	2.52562644891441
105.819000244141	3.50048835389316	18.4299140625	2.52852868288755
105.918998718262	3.50424810312688	18.44081640625	2.53121578134596
106.018997192383	3.50766605697572	18.434431640625	2.53393221646547
106.119003295898	3.51123046129942	18.4335859375	2.53718858584762
106.21900177002	3.51435551419854	18.4245390625	2.5399811565876
106.319000244141	3.51762701757252	18.41780078125	2.54241330549121
106.418998718262	3.52041004225612	18.399224609375	2.54503800533712
106.518997192383	3.52358398959041	18.398681640625	2.54789809696376
106.619003295898	3.52661125361919	18.388564453125	2.55034118890762
106.71900177002	3.53017589077353	18.393150390625	2.55316123366356
106.819000244141	3.53354495018721	18.395271484375	2.55601084791124
106.918998718262	3.53706046007574	18.39916796875	2.55876057781279
107.018997192383	3.54013661853969	18.3907265625	2.56130960769951
107.119003295898	3.54374991729856	18.393546875	2.56417947821319
107.21900177002	3.54721676558256	18.394849609375	2.56709428504109
107.319000244141	3.55078116990626	18.394763671875	2.57015158422291
107.418998718262	3.55380866676569	18.380603515625	2.57259700447321
107.518997192383	3.55722662061453	18.37954296875	2.57532764226198
107.619003295898	3.56030277907848	18.3681015625	2.57823430001736
107.71900177002	3.56381828896701	18.370208984375	2.58092163130641
107.819000244141	3.56718758121133	18.364984375	2.58352444507182
107.918998718262	3.57084954157472	18.3700703125	2.58651585318148
108.018997192383	3.57387703843415	18.359892578125	2.58920062333345
108.119003295898	3.57719720341265	18.352380859375	2.59177829138935
108.21900177002	3.58032225631177	18.34364453125	2.59450543671846
108.319000244141	3.58378910459578	18.3451875	2.59728403761983
108.418998718262	3.58701171353459	18.3405078125	2.60017672553658
108.518997192383	3.5904785618186	18.340021484375	2.60300072841346
108.619003295898	3.59365227632225	18.331642578125	2.60552950203419
108.71900177002	3.59736336395144	18.337994140625	2.60841147974133
108.819000244141	3.60068352892995	18.332775390625	2.61127459816635
108.918998718262	3.60410148277879	18.329544921875	2.61408742517233
109.018997192383	3.60708008520305	18.315830078125	2.61666276492178
109.119003295898	3.61049803905189	18.3155234375	2.61928793042898
109.21900177002	3.61352530308068	18.30603125	2.62210937216878
109.319000244141	3.61679680645466	18.297390625	2.62457225471735
109.418998718262	3.6195800639689	18.286552734375	2.62719020247459
109.518997192383	3.62294912338257	18.286875	2.63018137775362
109.619003295898	3.62641597166657	18.28915625	2.63279117643833
109.71900177002	3.63032217137516	18.300318359375	2.63583939522505
109.819000244141	3.63398436456919	18.29845703125	2.63877841643989
109.918998718262	3.63774411380291	18.30294921875	2.64187273569405
110.018997192383	3.6409180611372	18.2876015625	2.64471163973212
110.119003295898	3.64428712055087	18.281900390625	2.64749978668988
110.21900177002	3.64750972948968	18.266978515625	2.65035405755043
110.319000244141	3.650879021734	18.2626015625	2.65283440239727
110.418998718262	3.65366204641759	18.248412109375	2.65581835992634
110.518997192383	3.65683599375188	18.245869140625	2.65844166278839
110.619003295898	3.65986325778067	18.236962890625	2.66078184358776
110.71900177002	3.66362300701439	18.2422890625	2.66394321806729
110.819000244141	3.66733409464359	18.247962890625	2.66682542860508
110.918998718262	3.67114250548184	18.256419921875	2.67009832896292
111.018997192383	3.6743653472513	18.240318359375	2.67295120283961
111.119003295898	3.67792975157499	18.233166015625	2.67603690735996
111.21900177002	3.68110346607864	18.223138671875	2.67872586846352
111.319000244141	3.68422851897776	18.2118671875	2.68141273409128
111.418998718262	3.68710933253169	18.191794921875	2.68443580716848
111.518997192383	3.69042973034084	18.1918828125	2.6870088186115
111.619003295898	3.69350588880479	18.183228515625	2.68970895558596
111.71900177002	3.6969727370888	18.185205078125	2.69269174896181
111.819000244141	3.70019534602761	18.1781328125	2.69534578546882
111.918998718262	3.70390620082617	18.186771484375	2.69812671467662
112.018997192383	3.70732415467501	18.178466796875	2.7009651530534
112.119003295898	3.71103524230421	18.1823203125	2.70411721430719
112.21900177002	3.71435540728271	18.168314453125	2.70695914514363
112.319000244141	3.71772469952703	18.16205078125	2.70981364883482
112.418998718262	3.72065440751612	18.140578125	2.71286140196025
112.518997192383	3.72397457249463	18.134744140625	2.71552754566073
112.619003295898	3.72714851982892	18.12598046875	2.7183280326426
112.71900177002	3.73085937462747	18.13223828125	2.72124540060759
112.819000244141	3.73417977243662	18.122830078125	2.72403098642826
112.918998718262	3.73759772628546	18.11745703125	2.72720376960933
113.018997192383	3.74062499031425	18.10461328125	2.72977212443948
113.119003295898	3.74414073303342	18.100521484375	2.73251975886524
113.21900177002	3.74746089801192	18.09366796875	2.73542664945126
113.319000244141	3.75083019025624	18.088513671875	2.73842364549637
113.418998718262	3.75371100381017	18.0711953125	2.74087791331112
113.518997192383	3.75708006322384	18.070296875	2.74366117082536
113.619003295898	3.76010732725263	18.0566015625	2.7468001935631
113.71900177002	3.76357417553663	18.054955078125	2.74938088841736
113.819000244141	3.76684567891061	18.04959375	2.75226030498743
113.918998718262	3.77055653370917	18.053669921875	2.75523029267788
114.018997192383	3.77363292500377	18.038921875	2.757916925475
114.119003295898	3.7769041955471	18.031298828125	2.76082847267389
114.21900177002	3.77998035401106	18.016705078125	2.7634094003588
114.319000244141	3.78344720229506	18.0134296875	2.766496501863
114.418998718262	3.78671870566905	18.008470703125	2.76917614974082
114.518997192383	3.79023444838822	18.0041015625	2.77217105031013
114.619003295898	3.79340816289186	17.994115234375	2.7751496527344
114.71900177002	3.79711925052106	17.997634765625	2.77829729020596
114.819000244141	3.8005372043699	17.98905859375	2.78124865144491
114.918998718262	3.80415050312877	17.986064453125	2.78435321524739
115.018997192383	3.80727532319725	17.966267578125	2.78714578598738
115.119003295898	3.81079106591642	17.963681640625	2.7900526765734
115.21900177002	3.81391611881554	17.945482421875	2.79295933432877
115.319000244141	3.81728517822921	17.937724609375	2.79573537409306
115.418998718262	3.82011709734797	17.91848828125	2.79876356944442
115.518997192383	3.82353505119681	17.916654296875	2.80149164609611
115.619003295898	3.8269532378763	17.9101953125	2.80441041104496
115.71900177002	3.83081054314971	17.917861328125	2.80773779377341
115.819000244141	3.83432628586888	17.911765625	2.81074619852006
115.918998718262	3.8379393517971	17.9065625	2.81392293982208
116.018997192383	3.84091795422137	17.883970703125	2.81697488389909
116.119003295898	3.84423835203052	17.872033203125	2.8198251966387
116.21900177002	3.84736317209899	17.85798046875	2.82284314744174
116.319000244141	3.85068356990814	17.849912109375	2.82578472979367
116.418998718262	3.85346682742238	17.83113671875	2.82860221341252
116.518997192383	3.8565918803215	17.818263671875	2.83130281604826
116.619003295898	3.85961914435029	17.811056640625	2.83409282565117
116.71900177002	3.86342778801918	17.816365234375	2.8372653760016
116.819000244141	3.8671875372529	17.81866015625	2.84050614573061
116.918998718262	3.87109373696148	17.820013671875	2.84376181662083
117.018997192383	3.87441413477063	17.805248046875	2.84718140028417
117.119003295898	3.8780274335295	17.795873046875	2.85024079494178
117.21900177002	3.88125004246831	17.7736953125	2.85345548763871
117.319000244141	3.88442375697196	17.75873046875	2.85637006163597
117.418998718262	3.88730480335653	17.737572265625	2.85908137448132
117.518997192383	3.89062496833503	17.728720703125	2.86209629848599
117.619003295898	3.89375002123415	17.713734375	2.86509189754725
117.71900177002	3.89721686951816	17.712603515625	2.8680230025202
117.819000244141	3.90043947845697	17.703537109375	2.87119066342711
117.918998718262	3.9041992276907	17.701953125	2.8742786962539
118.018997192383	3.90761718153954	17.692427734375	2.87756347097456
118.119003295898	3.91127914190292	17.689330078125	2.88087781518698
118.21900177002	3.91445308923721	17.666486328125	2.88412999361753
118.319000244141	3.91777325421572	17.654853515625	2.88738356903195
118.418998718262	3.92065430060029	17.630818359375	2.8901775367558
118.518997192383	3.92387714236975	17.617970703125	2.89348210208118
118.619003295898	3.92685551196337	17.60255859375	2.89627839811146
118.71900177002	3.93042014911771	17.60158203125	2.89945933036506
118.819000244141	3.93364252522588	17.589931640625	2.90250941179693
118.918998718262	3.93706047907472	17.581771484375	2.905746223405
119.018997192383	3.94003884866834	17.56199609375	2.9087585862726
119.119003295898	3.94355459138751	17.557748046875	2.91215884499252
119.21900177002	3.94692365080118	17.55	2.91516701690853
119.319000244141	3.95053718239069	17.547078125	2.91885435581207
119.418998718262	3.95366223528981	17.525294921875	2.92186136357486
119.518997192383	3.95712908357382	17.51884375	2.92487628757954
119.619003295898	3.96030256524682	17.5019140625	2.92802625335753
119.71900177002	3.96386720240116	17.4960390625	2.93129053898156
119.819000244141	3.96728515625	17.48529296875	2.9348477255553
119.918998718262	3.97099601104856	17.480658203125	2.93801166117191
120.018997192383	3.97402327507734	17.4574609375	2.94112926349044
120.119003295898	3.97734390571713	17.44518359375	2.94452765956521
120.21900177002	3.98042006418109	17.426771484375	2.94765830039978
120.319000244141	3.9838869124651	17.42023828125	2.95113469474018
120.418998718262	3.9870603941381	17.404435546875	2.95416708104312
120.518997192383	3.99047834798694	17.39475	2.95737176202238
120.619003295898	3.99370118975639	17.38184375	2.96065863221884
120.71900177002	3.99741204455495	17.377732421875	2.96422210521996
120.819000244141	4.00082999840379	17.368185546875	2.96747521497309
120.918998718262	4.00429684668779	17.354421875	2.97103240154684
121.018997192383	4.00737300515175	17.330935546875	2.97407968901098
121.119003295898	4.01088874787092	17.318212890625	2.97739636152983
121.21900177002	4.01401380077004	17.29459765625	2.98063200898468
121.319000244141	4.01723617687821	17.276818359375	2.98402574844658
121.418998718262	4.02006832882762	17.252431640625	2.98713124357164
121.518997192383	4.02348628267646	17.242619140625	2.99024116247892
121.619003295898	4.02685534209013	17.23046875	2.99338693730533
121.71900177002	4.03076177462935	17.22988671875	2.99728568643332
121.819000244141	4.03427751734853	17.207517578125	3.00073833204806
121.918998718262	4.03798837214708	17.19198046875	3.004205878824
122.018997192383	4.04116231948137	17.1559140625	3.00740171223879
122.119003295898	4.04462870210409	17.131478515625	3.01108392886817
122.21900177002	4.04794933274388	17.09467578125	3.01475054584444
122.319000244141	4.05126949772239	17.066013671875	3.01815452985466
122.418998718262	4.05415054410696	17.022623046875	3.02149634808302
122.518997192383	4.0574218146503	16.997203125	3.02512245252728
122.619003295898	4.06054686754942	16.9455859375	3.02830035798252
122.71900177002	4.06435551121831	16.8765	3.03294276818633
122.819000244141	4.06835926696658	-0.878973571777344	3.19098681211472
122.829002380371	4.0695802308619	0.160437683105469	3.26667237095535
