File Path: C:\2024\20240314 CTLbio tensile\Test Run 4 03-14-24 16 22 53 PM\DAQ- Time, … - (Timed).txt   
Test: CTLbio_tensile_EC5AA
Test Run: Test Run 4
Date: 3/14/2024 4:15:37 PM


Time 	Crosshead 	Load 	Extensometer 
sec	mm	kN	mm
0.915000021457672	0.001416015606992	0.0284798717498779	0.000464312080339369
1.01499998569489	0.002636718818394	0.0546631736755371	0.000629723274414573
1.11500000953674	0.00429687497671694	0.0921759033203125	0.00121123810004065
1.2150000333786	0.00683593771100277	0.173396469116211	0.00187623766123579
1.31500005722046	0.00971679673966719	0.262589233398437	0.00303120646094612
1.41499996185303	0.01318359409197	0.368020874023438	0.00425631969847018
1.51499998569489	0.0167968755704351	0.488920349121094	0.00586560508963885
1.61500000953674	0.0206542972591706	0.6052099609375	0.00704268177287304
1.7150000333786	0.0242187506955815	0.722501831054687	0.00835433183965506
1.81500005722046	0.0277832023130031	0.839736022949219	0.00967579944699537
1.91499996185303	0.0309082024614327	0.94369580078125	0.0108792273749714
2.01500010490417	0.0344238287652843	1.05678955078125	0.0120984177556238
2.11500000953674	0.0377441392629407	1.16436853027344	0.0133570474645239
2.21499991416931	0.0416015609516762	1.28350732421875	0.0147129476317787
2.31500005722046	0.0452148451586254	1.39404248046875	0.0161580592248356
2.41499996185303	0.0488769546791445	1.5116875	0.0175079076143447
2.51500010490417	0.052197265176801	1.6154990234375	0.0186671386472881
2.61500000953674	0.0560058579139877	1.7402890625	0.0199740588868735
2.71499991416931	0.0598632796027232	1.8585263671875	0.0217212273128098
2.81500005722046	0.0632324226899073	1.96556091308594	0.0230559617193649
2.91499996185303	0.0667480489937589	2.07474389648437	0.0242232181335567
3.01500010490417	0.0701660173945129	2.18508178710937	0.0256367129622959
3.11500000953674	0.073876952228602	2.29742431640625	0.0267821942543378
3.21499991416931	0.0774414074840024	2.41060546875	0.0282966375380056
3.31500005722046	0.0813476581242867	2.53596508789063	0.0296269317914266
3.41499996185303	0.0846679686219431	2.638328125	0.0307641530525871
3.51500010490417	0.0881835949257948	2.74989526367187	0.0321232801070437
3.61500000953674	0.0913085968932137	2.85035766601563	0.0335143049596809
3.71499991416931	0.0948730448726565	2.95980249023438	0.0347657150996383
3.81500005722046	0.0981933626462705	3.06756518554687	0.0362469872925431
3.91499996185303	0.101806639577262	3.18238330078125	0.037590813008137
4.0149998664856	0.105078128399327	3.28540698242188	0.0388394437322859
4.11499977111816	0.108740234281868	3.40596752929688	0.0400639764848165
4.21500015258789	0.112207031634171	3.51325610351563	0.0413549933000468
4.31500005722046	0.115625000034925	3.6235244140625	0.0427958220825531
4.41499996185303	0.118750002002344	3.71742041015625	0.0441540541942231
4.5149998664856	0.122167970403098	3.825203125	0.0454586079285946
4.61499977111816	0.125341801322065	3.91907470703125	0.0462802636320703
4.71500015258789	0.128515632241033	4.01255322265625	0.0478004185424652
4.81500005722046	0.131347653223202	4.1014853515625	0.0485449818370398
4.91499996185303	0.134814457851462	4.208287109375	0.049855763791129
5.0149998664856	0.138330084155314	4.31716064453125	0.0513095765199978
5.11499977111816	0.142285149195231	4.440712890625	0.0527381707797758
5.21500015258789	0.145947269629687	4.55131201171875	0.0540967994311359
5.31500005722046	0.14951171760913	4.6621328125	0.0555019214516506
5.41499996185303	0.152880864334293	4.7653505859375	0.0569491276110057
5.5149998664856	0.156298832735047	4.8721572265625	0.0578954350203276
5.61499977111816	0.159716801135801	4.97673046875	0.0593300283071585
5.71500015258789	0.162841795827262	5.06934912109375	0.0606379508099053
5.81500005722046	0.165869147167541	5.1612763671875	0.0615995522821322
5.91499996185303	0.169042963534594	5.26104638671875	0.0627089830231853
6.0149998664856	0.172314452356659	5.3533525390625	0.0638114288449287
6.11499977111816	0.176025394466706	5.47146630859375	0.0652030576020479
6.21500015258789	0.179833979927935	5.5823828125	0.0666213090880774
6.31500005722046	0.183251948328689	5.68686474609375	0.0678018186590634
6.41499996185303	0.186621095053852	5.78321533203125	0.0689070875523612
6.5149998664856	0.189892583875917	5.88515478515625	0.0704977137502283
6.61499977111816	0.193066400242969	5.97976806640625	0.0713413828634657
6.71500015258789	0.196044915355742	6.07047705078125	0.0724471465218812
6.81500005722046	0.199023430468515	6.15480810546875	0.0735508438083343
6.91499996185303	0.20229491929058	6.2579560546875	0.0746989098843187
7.0149998664856	0.205468750209548	6.3490712890625	0.0759424001444131
7.11499977111816	0.208886718610302	6.45267578125	0.0773348729126155
7.21500015258789	0.212255865335464	6.55216748046875	0.0785040174378082
7.31500005722046	0.215917971218005	6.66410791015625	0.0798522669356316
7.41499996185303	0.219482419197448	6.76628271484375	0.0812161233625375
7.5149998664856	0.222998045501299	6.872373046875	0.0824421149445698
7.61499977111816	0.226416013902053	6.97693603515625	0.0835242099128664
7.71500015258789	0.229589844821021	7.06950537109375	0.0848283962113783
7.81500005722046	0.232617181609385	7.1563046875	0.0857166887726635
7.91499996185303	0.23588867043145	7.255859375	0.0870969161042012
8.01500034332275	0.239257817156613	7.3515341796875	0.088178385340143
8.11499977111816	0.242822265136056	7.457	0.0893697433639318
8.21500015258789	0.246337876887992	7.55556103515625	0.0907453431864269
8.3149995803833	0.249609380261973	7.65872900390625	0.0920791862881742
8.41499996185303	0.252880854532123	7.754111328125	0.0931744289118797
8.51500034332275	0.256445317063481	7.858595703125	0.0944923813221976
8.61499977111816	0.260009779594839	7.964236328125	0.0957156080403365
8.71500015258789	0.263183581409976	8.05339306640625	0.0966837978921831
8.8149995803833	0.26640624855645	8.13920947265625	0.0980242475634441
8.91499996185303	0.269628915702924	8.232009765625	0.0990786647889763
9.01500034332275	0.272900389973074	8.3220166015625	0.100324701634236
9.11499977111816	0.276318372925743	8.4198505859375	0.101283898402471
9.21500015258789	0.279882806353271	8.5151826171875	0.102606660220772
9.3149995803833	0.283203116850927	8.616150390625	0.103802696685307
9.41499996185303	0.286328111542389	8.70846875	0.104883147287183
9.51500034332275	0.289501942461357	8.801326171875	0.106180894363206
9.61499977111816	0.292675773380324	8.89280078125	0.107242754893377
9.71500015258789	0.296044920105487	8.988173828125	0.108514599560294
9.8149995803833	0.299462903058156	9.088873046875	0.109692489786539
9.91499996185303	0.302880856906995	9.19130859375	0.111087021650746
10.0150003433228	0.306396483210847	9.2900556640625	0.112164932943415
10.1149997711182	0.310009752865881	9.39715234375	0.113511727249715
10.2150001525879	0.313720694975927	9.5037939453125	0.114819245936815
10.3149995803833	0.316943362122402	9.59916796875	0.11564254964469
10.414999961853	0.320410152198747	9.694140625	0.117131610750221
10.5150003433228	0.323632819345221	9.7883056640625	0.118274183478206
10.6149997711182	0.326904293615371	9.877716796875	0.119297110359184
10.7150001525879	0.329785165376961	9.9611884765625	0.120159915240947
10.8149995803833	0.33281248761341	10.0434736328125	0.121380151540507
10.914999961853	0.336181634338573	10.1425390625	0.122430486953817
11.0150003433228	0.339697260642424	10.2401279296875	0.123943129437976
11.1149997711182	0.343359366524965	10.34227734375	0.125094476970844
11.2150001525879	0.346972665283829	10.44869140625	0.12637535110116
11.3149995803833	0.350146496202797	10.536880859375	0.12747485016007
11.414999961853	0.35336913424544	10.62452734375	0.128610976389609
11.5150003433228	0.356542965164408	10.7151845703125	0.129695705254562
11.6149997711182	0.359863275662065	10.8093681640625	0.130828644614667
11.7150001525879	0.362841790774837	10.89457421875	0.131750624859706
11.8149995803833	0.365722662536427	10.9747509765625	0.132623725221492
11.914999961853	0.368847657227889	11.0578095703125	0.134109504870139
12.0150003433228	0.372021488146856	11.1458935546875	0.134846632136032
12.1149997711182	0.375781237380579	11.2514580078125	0.136325543280691
12.2150001525879	0.379492179490626	11.3519765625	0.137545008328743
12.3149995803833	0.383007805794477	11.452904296875	0.138733710628003
12.414999961853	0.38637695251964	11.5470947265625	0.139949246658944
12.5150003433228	0.38979493547231	11.6423408203125	0.14093927165959
12.6149997711182	0.39306640974246	11.727587890625	0.142142394906841
12.7150001525879	0.396142568206415	11.8144599609375	0.143258293974213
12.8149995803833	0.399267592001706	11.901529296875	0.144515477586538
12.914999961853	0.402587902499363	11.994146484375	0.145616999361664
13.0150003433228	0.405908212997019	12.0805244140625	0.146692196722142
13.1149997711182	0.409375003073364	12.1781806640625	0.147742612170987
13.2150001525879	0.41284179314971	12.2724365234375	0.149048675666563
13.3149995803833	0.416406255681068	12.369857421875	0.150235180626623
13.414999961853	0.419970689108595	12.4668408203125	0.1515304466011
13.5150003433228	0.423388672061265	12.559900390625	0.1524904218968
13.6149997711182	0.426757818786427	12.654291015625	0.15371319022961
13.7150001525879	0.4297363338992	12.7360146484375	0.155057205120102
13.8149995803833	0.432714849011973	12.814095703125	0.155703033669852
13.914999961853	0.435937487054616	12.9030986328125	0.15691424778197
14.0150003433228	0.439208990428597	12.99241796875	0.157918766490184
14.1149997711182	0.442773423856124	13.088634765625	0.159246235853061
14.2150001525879	0.446142570581287	13.18059765625	0.16043869254645
14.3149995803833	0.449462881078944	13.2699462890625	0.161630581715144
14.414999961853	0.452685548225418	13.3559619140625	0.162537631695159
14.5150003433228	0.456298817880452	13.411451171875	0.163253062055446
14.6149997711182	0.459912116639316	13.464361328125	0.16380132001359
14.7150001525879	0.46313475468196	13.5345986328125	0.164787285029888
14.8149995803833	0.466455065179616	13.611744140625	0.165921795996837
14.914999961853	0.469726568553597	13.69373046875	0.16700268315617
15.0150003433228	0.47309571527876	13.7792431640625	0.167921418324113
15.1149997711182	0.476562505355105	13.86761328125	0.168912316439673
15.2150001525879	0.480224611237645	13.9628564453125	0.170480096130632
15.3149995803833	0.483544921735302	14.047533203125	0.171340143424459
15.414999961853	0.486816396005452	14.13290234375	0.172380736330524
15.5150003433228	0.489990226924419	14.2096162109375	0.173597451066598
15.6149997711182	0.493359402753413	14.299625	0.174509215867147
15.7150001525879	0.496679684147239	14.384548828125	0.175752764334902
15.8149995803833	0.500146474223584	14.46968359375	0.176834859303199
15.914999961853	0.503369141370058	14.5487744140625	0.177963898750022
16.0149993896484	0.506933603901416	14.6370615234375	0.179020018549636
16.1149997711182	0.510351557750255	14.7209765625	0.180123126483522
16.2150001525879	0.513867184054106	14.805748046875	0.181348543264903
16.3150005340576	0.516894506290555	14.8796572265625	0.1824736391427
16.4150009155273	0.520166009664536	14.9521025390625	0.18337344226893
16.5149993896484	0.523291004355997	15.027005859375	0.184470030944794
16.6149997711182	0.526415999047458	15.0960390625	0.18549375818111
16.7150001525879	0.529345707036555	15.1614765625	0.186544755706564
16.8150005340576	0.532275415025651	15.225697265625	0.187481302418746
16.9150009155273	0.535742205101997	15.3051005859375	0.188703284948133
17.0149993896484	0.539306667633355	15.3800029296875	0.1896018802654
17.1149997711182	0.543066416867077	15.462173828125	0.191323619219474
17.2150001525879	0.546728493645787	15.535232421875	0.192562467418611
17.3150005340576	0.550048833247274	15.60455078125	0.194040287169628
17.4150009155273	0.5533691146411	15.666873046875	0.195151456864551
17.5149993896484	0.556689454242587	15.7349384765625	0.196394408703782
17.6149997711182	0.560009793844074	15.7972080078125	0.197597008082084
17.7150001525879	0.562988279853016	15.85090625	0.198861176613718
17.8150005340576	0.565917987842113	15.8993896484375	0.199975824216381
17.9150009155273	0.569091818761081	15.9560166015625	0.201460934476927
18.0149993896484	0.572314427699894	16.01042578125	0.202836119569838
18.1149997711182	0.576074235141277	16.079923828125	0.204611395020038
18.2150001525879	0.579882820602506	16.1455302734375	0.206102602533065
18.3150005340576	0.583349610678852	16.19934375	0.207837932975963
18.4150009155273	0.586816400755197	16.24860546875	0.209384976187721
18.5149993896484	0.590136740356684	16.29390234375	0.211281207157299
18.6149997711182	0.593359349295497	16.33630078125	0.212797167478129
18.7150001525879	0.596386729739606	16.3765849609375	0.214311396121047
18.8150005340576	0.599560560658574	16.41446875	0.2161132870242
18.9150009155273	0.602832005824894	16.45681640625	0.217939130379818
19.0149993896484	0.606054672971368	16.493244140625	0.219617737457156
19.1149997711182	0.609472685027868	16.538416015625	0.221797774429433
19.2150001525879	0.612988253124058	16.578185546875	0.223741531954147
19.3150005340576	0.616601551882923	16.623228515625	0.226004223804921
19.4150009155273	0.620263686869293	16.66362890625	0.228090502787381
19.5149993896484	0.623681640718132	16.697478515625	0.230246791034006
19.6149997711182	0.62724610324949	16.72669140625	0.232545600738376
19.7150001525879	0.630273425485939	16.752130859375	0.234645485761575
19.8150005340576	0.633544928859919	16.7772109375	0.236686886637472
19.9150009155273	0.636767596006393	16.801876953125	0.238699984038249
20.0149993896484	0.640380836557597	16.834025390625	0.241548579651862
20.1149997711182	0.643847684841603	16.86615625	0.243880858761258
20.2150001525879	0.647460925392807	16.891556640625	0.246236362727359
20.3150005340576	0.650585920084268	16.90769921875	0.248615600867197
20.4150009155273	0.654052710160613	16.931423828125	0.250872137257829
20.5149993896484	0.657421885989606	16.92491015625	0.25324898888357
20.6149997711182	0.660937512293458	16.921841796875	0.255097431363538
20.7150001525879	0.6639159983024	16.9283125	0.256979692494497
20.8150005340576	0.667236337903887	16.948779296875	0.258917454630136
20.9150009155273	0.670263660140336	16.961146484375	0.260819244431332
21.0149993896484	0.673681613989174	16.981640625	0.263033987721428
21.1149997711182	0.677001953590661	17.0011171875	0.265186041360721
21.2150001525879	0.680615252349526	17.024630859375	0.26747357333079
21.3150005340576	0.683691410813481	17.037802734375	0.269408075837418
21.4150009155273	0.686914077959955	17.048251953125	0.271568191237748
21.5149993896484	0.68999023642391	17.0633515625	0.274049903964624
21.6149997711182	0.693310517817736	17.0758125	0.276257895166054
21.7150001525879	0.69653318496421	17.107810546875	0.278762745438144
21.8150005340576	0.699902360793203	17.114634765625	0.280942273093387
21.9150009155273	0.703125027939677	17.09901171875	0.282864086329937
22.0149993896484	0.706640596035868	17.104640625	0.284718640614301
22.1149997711182	0.710107444319874	17.1181171875	0.286636204691604
22.2150001525879	0.713720684871078	17.131806640625	0.288781709969044
22.3150005340576	0.716894515790045	17.140076171875	0.290637195575982
22.4150009155273	0.720263691619039	17.151134765625	0.292812823317945
22.5149993896484	0.723535136785358	17.1643671875	0.294931960524991
22.6149997711182	0.726855476386845	17.177642578125	0.297007121844217
22.7150001525879	0.729736348148435	17.18338671875	0.299113249639049
22.8150005340576	0.732861342839897	17.193802734375	0.301331339869648
22.9150009155273	0.736279296688735	17.21265234375	0.303217122564092
23.0149993896484	0.739990209694952	17.23495703125	0.305702473269776
23.1149997711182	0.743603508453816	17.258533203125	0.307990849250928
23.2150001525879	0.747265643440187	17.27608984375	0.310422037728131
23.3150005340576	0.750390638131648	17.2808046875	0.312674470478669
23.4150009155273	0.753613305278122	17.2870078125	0.315083743771538
23.5149993896484	0.75678713619709	17.299888671875	0.317169062327594
23.6149997711182	0.760107417590916	17.30937109375	0.319811893859878
23.7150001525879	0.763085961807519	17.31578125	0.321570871165022
23.8150005340576	0.766064447816461	17.32069140625	0.323945510899648
23.9150009155273	0.769189442507923	17.330724609375	0.326180917909369
24.0149993896484	0.772558618336916	17.34480859375	0.328526104567572
24.1149997711182	0.776464818045497	17.372271484375	0.330955925164744
24.2150001525879	0.780419912189245	17.399994140625	0.333655480062589
24.3150005340576	0.78388670226559	17.410130859375	0.336452358169481
24.4150009155273	0.787500001024455	17.41958203125	0.339034828357399
24.5149993896484	0.790820340625942	17.424677734375	0.341738399583846
24.6149997711182	0.794189458247274	17.4333671875	0.344211875926703
24.7150001525879	0.797070330008864	17.4307890625	0.346692657331005
24.8150005340576	0.80039061140269	17.44373828125	0.348984263837337
24.9150009155273	0.803515606094152	17.44712109375	0.351487746229395
25.0149993896484	0.806933618150651	17.461890625	0.354012794559821
25.1149997711182	0.810302735771984	17.472359375	0.356741773430258
25.2150001525879	0.8140136487782	17.489361328125	0.359405996277928
25.3150005340576	0.817480497062206	17.50153515625	0.362093735020608
25.4150009155273	0.821191410068423	17.520744140625	0.364549254300073
25.5149993896484	0.824511691462249	17.524234375	0.367451459169388
25.6149997711182	0.827978539746255	17.53495703125	0.370492198271677
25.7150001525879	0.830859353300184	17.526330078125	0.372663809685037
25.8150005340576	0.834082020446658	17.533904296875	0.375219766283408
25.9150009155273	0.837158178910613	17.53687109375	0.377564661903307
26.0149993896484	0.840673805214465	17.5504296875	0.380408804630861
26.1149997711182	0.843945308588445	17.561412109375	0.382768281269819
26.2150001525879	0.84741209866479	17.5745703125	0.385569961508736
26.3150005340576	0.850390642881393	17.57260546875	0.388244166970253
26.4150009155273	0.853759760502726	17.579880859375	0.390549626899883
26.5149993896484	0.857177714351565	17.595361328125	0.39334362372756
26.6149997711182	0.860742176882923	17.609587890625	0.395877374103293
26.7150001525879	0.863818335346878	17.607146484375	0.398294941987842
26.8150005340576	0.867236347403377	17.61859375	0.401321827666834
26.9150009155273	0.870410178322345	17.623318359375	0.403445912525058
27.0149993896484	0.87387696839869	17.63451171875	0.406183884479105
27.1149997711182	0.877246086020023	17.644296875	0.408795254770666
27.2150001525879	0.881005835253745	17.661634765625	0.411362707382068
27.3150005340576	0.884082051925361	17.65924609375	0.414125854149461
27.4150009155273	0.887304660864174	17.66496484375	0.416589551605284
27.5149993896484	0.890332041308284	17.66316796875	0.419602263718843
27.6149997711182	0.893701158929616	17.671484375	0.421775213908404
27.7150001525879	0.896826153621078	17.676619140625	0.424517580540851
27.8150005340576	0.900195329450071	17.687572265625	0.427125080022961
27.9150009155273	0.903369160369039	17.69373828125	0.429354549851269
28.0149993896484	0.906835950445384	17.70501953125	0.432312750490382
28.1149997711182	0.910302740521729	17.716720703125	0.434886693255976
28.2150001525879	0.913818366825581	17.7257265625	0.437342299846932
28.3150005340576	0.916894525289536	17.72676953125	0.440086238086224
28.4150009155273	0.920263642910868	17.733111328125	0.442675285739824
28.5149993896484	0.923486310057342	17.7384140625	0.44540996896103
28.6149997711182	0.926708977203816	17.74200390625	0.447827478637919
28.7150001525879	0.929638685192913	17.741228515625	0.450212770374492
28.8150005340576	0.932714843656868	17.74158984375	0.452601991128176
28.9150009155273	0.936132797505707	17.756060546875	0.45503830187954
29.0149993896484	0.939746096264571	17.7721796875	0.457860995084047
29.1149997711182	0.943408231250942	17.790318359375	0.460605340776965
29.2150001525879	0.947119144257158	17.80676171875	0.463580479845405
29.3150005340576	0.950390647631139	17.806798828125	0.466255180072039
29.4150009155273	0.953710929024965	17.812921875	0.469104677904397
29.5149993896484	0.956982432398945	17.81032421875	0.471749663120136
29.6149997711182	0.96044922247529	17.822462890625	0.474393425974995
29.7150001525879	0.963427708484232	17.814958984375	0.477061548735946
29.8150005340576	0.966552761383355	17.818015625	0.479510490549728
29.9150009155273	0.969677756074816	17.82337890625	0.482057657791302
30.0149993896484	0.973242160398513	17.8317578125	0.484698102809489
30.1149997711182	0.977001967839897	17.854638671875	0.487639772472903
30.2150001525879	0.980908167548478	17.870978515625	0.490450707729906
30.3150005340576	0.984130892902613	17.86824609375	0.493228377308697
30.4150009155273	0.987646519206464	17.872140625	0.495942716952413
30.5149993896484	0.990820350125432	17.872130859375	0.498504436109215
30.6149997711182	0.9939941810444	17.87269140625	0.50114345503971
30.7150001525879	0.996826216578484	17.8673203125	0.503509771078825
30.8150005340576	1.0000488255173	17.86963671875	0.50624628784135
30.9150009155273	1.00322265643626	17.875701171875	0.508583209011704
31.0149993896484	1.00654293783009	17.883470703125	0.511378282681108
31.1149997711182	1.00986333563924	17.893826171875	0.513880571816117
31.2150001525879	1.01352541241795	17.904087890625	0.516626110766083
31.3150005340576	1.01708981674165	17.91681640625	0.519262801390141
31.4150009155273	1.02080078795552	17.928248046875	0.522182672284544
31.5149993896484	1.02412106934935	17.925435546875	0.524928444065154
31.6149997711182	1.02753902319819	17.92841015625	0.527700351085514
31.7150001525879	1.03041995316744	17.920177734375	0.530046061612666
31.8150005340576	1.03359378408641	17.919466796875	0.532416743226349
31.9150009155273	1.03666994255036	17.9284140625	0.535056809894741
32.0149993896484	1.04013667441905	17.9315859375	0.537750136572868
32.1150016784668	1.04355474468321	17.94573046875	0.540178210940212
32.2150001525879	1.04697269853204	17.95214453125	0.542802852578461
32.314998626709	1.05014652945101	17.953041015625	0.545352406334132
32.4150009155273	1.05351558886468	17.958466796875	0.547753705177456
32.5149993896484	1.05693354271352	17.9681953125	0.550541619304568
32.6150016784668	1.06054684147239	17.9790546875	0.553075165953487
32.7150001525879	1.0635742219165	17.9718125	0.555620703380555
32.814998626709	1.06689450331032	17.979185546875	0.558445288334042
32.9150009155273	1.07001955620944	17.98054296875	0.560830696485937
33.0149993896484	1.07333983760327	17.98574609375	0.563334207981825
33.1150016784668	1.0766601189971	17.9925390625	0.565811758860946
33.2150001525879	1.08022463973612	18.002654296875	0.568846007809043
33.314998626709	1.08339847065508	18.004158203125	0.571469368878752
33.4150009155273	1.08647462911904	18.004130859375	0.573977653402835
33.5149993896484	1.08959956560284	18.00640625	0.576540653128177
33.6150016784668	1.09287106897682	18.009029296875	0.578938808757812
33.7150001525879	1.09624024480581	18.018533203125	0.581654720008373
33.814998626709	1.0997069766745	18.026759765625	0.584383378736675
33.9150009155273	1.10307615250349	18.036642578125	0.587023096159101
34.0149993896484	1.10668945126235	18.047849609375	0.589807459618896
34.1150016784668	1.11035152804106	18.057501953125	0.592610624153167
34.2150001525879	1.1140137212351	18.065076171875	0.595514429733157
34.314998626709	1.11723633017391	18.064162109375	0.598232436459512
34.4150009155273	1.12070317845792	18.0683125	0.600822444539517
34.5149993896484	1.12387700937688	18.065876953125	0.603579508606344
34.6150016784668	1.12714839633554	18.065611328125	0.606229295954108
34.7150001525879	1.13002932630479	18.06033203125	0.608886650297791
34.814998626709	1.13315426278859	18.06199609375	0.611244002357125
34.9150009155273	1.13657221663743	18.069732421875	0.614150892943144
35.0149993896484	1.14023440983146	18.08925390625	0.616642297245562
35.1150016784668	1.14384770859033	18.098041015625	0.619497732259333
35.2150001525879	1.14760745782405	18.109142578125	0.622641877271235
35.314998626709	1.15078128874302	18.107712890625	0.625185377430171
35.4150009155273	1.15410157013685	18.105091796875	0.627829518634826
35.5149993896484	1.15727540105581	18.105	0.630573078524321
35.6150016784668	1.1607421329245	18.11152734375	0.633293646387756
35.7150001525879	1.16362306289375	18.105291015625	0.635673757642508
35.814998626709	1.1666992213577	18.101095703125	0.638183089904487
35.9150009155273	1.16972660180181	18.103724609375	0.640589219983667
36.0149993896484	1.1731933336705	18.113615234375	0.643236038740724
36.1150016784668	1.17695308290422	18.13044921875	0.646194210276008
36.2150001525879	1.18085939902812	18.149734375	0.649434572551399
36.314998626709	1.18417968042195	18.148408203125	0.651928363367915
36.4150009155273	1.18779297918081	18.154771484375	0.654977164231241
36.5149993896484	1.19101558811963	18.1531484375	0.657472119200975
36.6150016784668	1.19433598592877	18.151060546875	0.660210498608649
36.7150001525879	1.1972167994827	18.14054296875	0.66287606023252
36.814998626709	1.20053708087653	18.144001953125	0.665610074065626
36.9150009155273	1.2037109117955	18.14741015625	0.668058579321951
37.0149993896484	1.20712886564434	18.152224609375	0.670713314320892
37.1150016784668	1.21040036901832	18.1585078125	0.673310365527868
37.2150001525879	1.21406244579703	18.172029296875	0.676237745210528
37.314998626709	1.21743162162602	18.173125	0.678846088703722
37.4150009155273	1.22094724792987	18.1815703125	0.681550591252744
37.5149993896484	1.22412107884884	18.17821484375	0.684121157974005
37.6150016784668	1.22739258222282	18.18014453125	0.686886894982308
37.7150001525879	1.23017572332174	18.172125	0.689378997776657
37.814998626709	1.233154325746	18.167697265625	0.692054338287562
37.9150009155273	1.23623048420995	18.169337890625	0.694383343216032
38.0149993896484	1.23955076560378	18.178400390625	0.696881441399455
38.1150016784668	1.24301761388779	18.18742578125	0.699579191859812
38.2150001525879	1.24643556773663	18.194720703125	0.702119490597397
38.314998626709	1.24965817667544	18.19693359375	0.704883772414178
38.4150009155273	1.25292968004942	18.197591796875	0.707470637280494
38.5149993896484	1.25649408437312	18.207953125	0.710199878085405
38.6150016784668	1.26005860511214	18.2176640625	0.713124813046306
38.7150001525879	1.26328121405095	18.213521484375	0.715636822860688
38.814998626709	1.26655271742493	18.21857421875	0.718341092579067
38.9150009155273	1.26977544277906	18.21937890625	0.720852403901517
39.0149993896484	1.27314450219274	18.22175390625	0.723532808478922
39.1150016784668	1.27656245604157	18.227224609375	0.726298487279564
39.2150001525879	1.28017575480044	18.237015625	0.729059393052012
39.314998626709	1.28349603619426	18.237125	0.731698994059116
39.4150009155273	1.28676753956825	18.23616015625	0.734595174435526
39.5149993896484	1.28999026492238	18.2356953125	0.736972608137876
39.6150016784668	1.29340821877122	18.240259765625	0.739942770451307
39.7150001525879	1.29677739460021	18.245998046875	0.742599891964346
39.814998626709	1.3002441264689	18.24927734375	0.745141936931759
39.9150009155273	1.30351562984288	18.250607421875	0.747880956623703
40.0149993896484	1.30717770662159	18.261880859375	0.750644714571536
40.1150016784668	1.31059566047043	18.266625	0.753700151108205
40.2150001525879	1.31411128677428	18.2720546875	0.756409659516066
40.314998626709	1.31713866721839	18.263943359375	0.758984009735286
40.4150009155273	1.32045894861221	18.267904296875	0.761890667490661
40.5149993896484	1.32363277953118	18.2656015625	0.764336495194584
40.6150016784668	1.32685550488532	18.26178515625	0.767052813898772
40.7150001525879	1.32978521287441	18.25819140625	0.769430596847087
40.814998626709	1.33295892737806	18.2594921875	0.772290979512036
40.9150009155273	1.33647455368191	18.271337890625	0.775093911215663
41.0149993896484	1.34033197537065	18.290474609375	0.777922803536057
41.1150016784668	1.34404294658452	18.299951171875	0.780799484346062
41.2150001525879	1.34790036827326	18.313294921875	0.783887691795826
41.314998626709	1.35112309362739	18.303923828125	0.786987657193094
41.4150009155273	1.35458982549608	18.30505859375	0.789515965152532
41.5149993896484	1.35786132887006	18.30387109375	0.792424194514751
41.6150016784668	1.3612792827189	18.3072890625	0.794979219790548
41.7150001525879	1.36406254023314	18.290302734375	0.797647226136178
41.814998626709	1.36718747671694	18.28748046875	0.800356036052108
41.9150009155273	1.37011718470603	18.28440234375	0.802842492703348
42.0149993896484	1.37363281100988	18.2939765625	0.805298623163253
42.1150016784668	1.37724610976875	18.309279296875	0.80814107786864
42.2150001525879	1.38105463702232	18.322810546875	0.811061938293278
42.314998626709	1.38422846794128	18.31586328125	0.813946011476219
42.4150009155273	1.38769531622529	18.323435546875	0.816725951153785
42.5149993896484	1.39082036912441	18.316396484375	0.81946182763204
42.6150016784668	1.39399408362806	18.3130625	0.821899506263435
42.7150001525879	1.39682611916214	18.3076171875	0.824395508971065
42.814998626709	1.39999995008111	18.30321484375	0.827139418106526
42.9150009155273	1.40312500298023	18.308275390625	0.829513010103256
43.0149993896484	1.40634761191905	18.310451171875	0.831996672786772
43.1150016784668	1.40961911529303	18.319048828125	0.834707985632122
43.2150001525879	1.41308596357703	18.326099609375	0.837227213196456
43.314998626709	1.41660158988088	18.33808203125	0.83994580199942
43.4150009155273	1.42021488863975	18.341744140625	0.842861307319254
43.5149993896484	1.42358394805342	18.347283203125	0.845557427965105
43.6150016784668	1.42709957435727	18.34966796875	0.848707801196724
43.7150001525879	1.43017573282123	18.347716796875	0.851088669151068
43.814998626709	1.43339845817536	18.340564453125	0.853674602694809
43.9150009155273	1.43657228909433	18.341775390625	0.856559141539037
44.0149993896484	1.44018558785319	18.34983984375	0.859105435665697
44.1150016784668	1.44370121415704	18.35678515625	0.861932931002229
44.2150001525879	1.44726561848074	18.361662109375	0.864983710926026
44.314998626709	1.45043944939971	18.35959375	0.867712136823684
44.4150009155273	1.45390629768372	18.360033203125	0.870461692102253
44.5149993896484	1.45732425153255	18.36358984375	0.873078999575227
44.6150016784668	1.46083987783641	18.369390625	0.875922152772546
44.7150001525879	1.46381836384535	18.360068359375	0.878519203979522
44.814998626709	1.46718753967434	18.36137890625	0.881192740052938
44.9150009155273	1.4702636981383	18.363109375	0.884056556969881
45.0149993896484	1.47363275755197	18.364650390625	0.88669138494879
45.1150016784668	1.47700193338096	18.367142578125	0.889203685801476
45.2150001525879	1.48066401015967	18.38049609375	0.892132753506303
45.314998626709	1.48383784107864	18.376236328125	0.894966360647231
45.4150009155273	1.48710934445262	18.374462890625	0.897499325219542
45.5149993896484	1.49018550291657	18.373482421875	0.900227460078895
45.6150016784668	1.49365235120058	18.37905078125	0.902778701856732
45.7150001525879	1.49692385457456	18.3812109375	0.905636115930974
45.814998626709	1.5003418084234	18.383705078125	0.908288930077106
45.9150009155273	1.50361331179738	18.388556640625	0.911057228222489
46.0149993896484	1.50727538857609	18.39451171875	0.913973548449576
46.1150016784668	1.5107422368601	18.3976484375	0.916891847737134
46.2150001525879	1.51435541920364	18.4070625	0.919652171432972
46.314998626709	1.51748047210276	18.398931640625	0.922045903280377
46.4150009155273	1.52099609840661	18.40187890625	0.925350119359791
46.5149993896484	1.52416992932558	18.39808984375	0.928060559090227
46.6150016784668	1.52749021071941	18.40101171875	0.930651731323451
46.7150001525879	1.53037114068866	18.39228515625	0.933330622501671
46.814998626709	1.53374020010233	18.393931640625	0.935848103836179
46.9150009155273	1.53715815395117	18.400361328125	0.938885088544339
47.0149993896484	1.54091801960021	18.4145859375	0.94173988327384
47.1150016784668	1.54443364590406	18.417462890625	0.944639381486923
47.2150001525879	1.54804682824761	18.423822265625	0.947286433074623
47.314998626709	1.55102543067187	18.4104765625	0.950014509726316
47.4150009155273	1.55424803961068	18.4069375	0.952831702306867
47.5149993896484	1.55727542005479	18.40277734375	0.955441792029887
47.6150016784668	1.56054692342877	18.405689453125	0.958292046561837
47.7150001525879	1.56337895896286	18.396990234375	0.960541889071465
47.814998626709	1.56630855053663	18.3913671875	0.962954189162701
47.9150009155273	1.56938470900059	18.395234375	0.965547922533005
48.0149993896484	1.57270510680974	18.402046875	0.968052365351468
48.1150016784668	1.5765136340633	18.41794921875	0.97104231826961
48.2150001525879	1.58037105575204	18.435365234375	0.973648915532976
48.314998626709	1.58374023158103	18.434744140625	0.976720242761075
48.4150009155273	1.58725585788488	18.44012890625	0.979526084847748
48.5149993896484	1.59052736125886	18.434431640625	0.982228899374604
48.6150016784668	1.59374997019768	18.43108984375	0.984965125098825
48.7150001525879	1.59663090016693	18.42228125	0.987866544164717
48.814998626709	1.5998047310859	18.423251953125	0.990254688076675
48.9150009155273	1.60302734002471	18.42204296875	0.992853078059852
49.0149993896484	1.60624994896352	18.423990234375	0.9957121219486
49.1150016784668	1.60961912479252	18.429345703125	0.998451840132475
49.2150001525879	1.61318364553154	18.436716796875	1.0011374251917
49.314998626709	1.61674804985523	18.4470703125	1.00387388374656
49.4150009155273	1.6203613486141	18.44909765625	1.0067819384858
49.5149993896484	1.62373052444309	18.4551796875	1.00970116909593
49.6150016784668	1.62714847829193	18.459130859375	1.01253378670663
49.7150001525879	1.63017574232072	18.4492265625	1.01545837242156
49.814998626709	1.63330079521984	18.44280859375	1.01784965954721
49.9150009155273	1.63637695368379	18.44026953125	1.0207126615569
50.0149993896484	1.63969723507762	18.442091796875	1.02323957253247
50.1150016784668	1.64311518892646	18.448140625	1.02621270343661
50.2150001525879	1.64653325919062	18.452287109375	1.02913030423224
50.314998626709	1.64970697369426	18.449865234375	1.03160657454282
50.4150009155273	1.6529296990484	18.449599609375	1.03440310340375
50.5149993896484	1.6564941033721	18.459833984375	1.03721930645406
50.6150016784668	1.66015629656613	18.467806640625	1.04030000511557
50.7150001525879	1.66342768352479	18.464525390625	1.04306649882346
50.814998626709	1.66684575378895	18.473412109375	1.04601844213903
50.9150009155273	1.67011714074761	18.47498828125	1.0488141560927
51.0149993896484	1.67358398903161	18.475310546875	1.05148705188185
51.1150016784668	1.67714839335531	18.47948046875	1.05470768176019
51.2150001525879	1.6809570370242	18.48855078125	1.05782807804644
51.314998626709	1.684081973508	18.479052734375	1.06058886740357
51.4150009155273	1.68740237131715	18.47448046875	1.0632547782734
51.5149993896484	1.69052730780095	18.46884375	1.06608599890023
51.6150016784668	1.69399415608495	18.473873046875	1.06885854620486
51.7150001525879	1.69721676502377	18.47229296875	1.07154936995357
51.814998626709	1.70063471887261	18.47298046875	1.074408297427
51.9150009155273	1.70385744422674	18.4692890625	1.07718608342111
52.0149993896484	1.70751952100545	18.481228515625	1.08036969322711
52.1150016784668	1.71098636928946	18.4818046875	1.08326179906726
52.2150001525879	1.71445310115814	18.48337890625	1.08621874824166
52.314998626709	1.71748048160225	18.472931640625	1.08887325040996
52.4150009155273	1.72094721347094	18.477033203125	1.09171704389155
52.5149993896484	1.72407226637006	18.473755859375	1.09406537376344
52.6150016784668	1.72729487530887	18.470044921875	1.09704909846187
52.7150001525879	1.73007813282311	18.461033203125	1.09964865259826
52.814998626709	1.73320306930691	18.45959375	1.10215239692479
52.9150009155273	1.7365722451359	18.471703125	1.10476731788367
53.0149993896484	1.74028321634978	18.4843046875	1.10756687354296
53.1150016784668	1.74384762067348	18.489669921875	1.11081078648567
53.2150001525879	1.74750981386751	18.49951953125	1.1135273380205
53.314998626709	1.75068364478648	18.495841796875	1.11638091038913
53.4150009155273	1.7540039261803	18.488736328125	1.11924484372139
53.5149993896484	1.75722653511912	18.489935546875	1.12206069752574
53.6150016784668	1.76064448896796	18.489931640625	1.12465827260166
53.7150001525879	1.76362309139222	18.480744140625	1.12744024954736
53.814998626709	1.76674802787602	18.47901171875	1.13013968802989
53.9150009155273	1.76987308077514	18.478091796875	1.13284715916961
54.0149993896484	1.77343748509884	18.486642578125	1.13548594526947
54.1150016784668	1.77714845631272	18.4968203125	1.13837700337172
54.2150001525879	1.78100587800145	18.51684765625	1.14147423300892
54.314998626709	1.78422848694026	18.503599609375	1.14420300815254
54.4150009155273	1.78769533522427	18.506505859375	1.14713551010936
54.5149993896484	1.79082027170807	18.49980078125	1.14980898797512
54.6150016784668	1.79399410262704	18.49516796875	1.15248095244169
54.7150001525879	1.79682613816112	18.486369140625	1.15524034481496
54.814998626709	1.79999996908009	18.483759765625	1.15763256326318
54.9150009155273	1.80317379999906	18.488802734375	1.16053619422019
55.0149993896484	1.80649419780821	18.491025390625	1.16320897359401
55.1150016784668	1.80986325722188	18.495005859375	1.16612459532917
55.2150001525879	1.81347655598074	18.504681640625	1.16893206723034
55.314998626709	1.81708985473961	18.51346875	1.17217691149563
55.4150009155273	1.82080082595348	18.521541015625	1.17498601321131
55.5149993896484	1.82416988536716	18.520353515625	1.17776799015701
55.6150016784668	1.82763673365116	18.52094921875	1.18041923269629
55.7150001525879	1.83056644164026	18.51073046875	1.18331331759691
55.814998626709	1.83374027255923	18.50589453125	1.18601007852703
55.9150009155273	1.83686520904303	18.504056640625	1.18904549162835
56.0149993896484	1.84038083534688	18.51126953125	1.1918842792511
56.1150016784668	1.84379878919572	18.5140546875	1.19460502173752
56.2150001525879	1.84736330993474	18.519955078125	1.19748059660196
56.314998626709	1.8505371408537	18.513341796875	1.20037735905498
56.4150009155273	1.85405276715755	18.519927734375	1.20330112986267
56.5149993896484	1.85751949902624	18.523140625	1.20634795166552
56.6150016784668	1.8611327977851	18.5291015625	1.2093159602955
56.7150001525879	1.86420895624906	18.51841015625	1.21177500113845
56.814998626709	1.8676269100979	18.522640625	1.21501658577472
56.9150009155273	1.87070306856185	18.51381640625	1.2176176533103
57.0149993896484	1.87412113882601	18.52068359375	1.22043478768319
57.1150016784668	1.87744142021984	18.518642578125	1.22334412299097
57.2150001525879	1.8810547189787	18.526765625	1.22619909234345
57.314998626709	1.88408198300749	18.521798828125	1.22919457498938
57.4150009155273	1.88730470836163	18.519162109375	1.23169471044093
57.5149993896484	1.89028319437057	18.511134765625	1.23455945868045
57.6150016784668	1.89365237019956	18.51494140625	1.23737019021064
57.7150001525879	1.89682620111853	18.513546875	1.23984494712204
57.814998626709	1.90024415496737	18.51584765625	1.24275626149029
57.9150009155273	1.90346676390618	18.518505859375	1.24544149730355
58.0149993896484	1.90708006266505	18.531259765625	1.24870997387916
58.1150016784668	1.9105956889689	18.53418359375	1.25142745673656
58.2150001525879	1.91420898772776	18.538587890625	1.25427450984716
58.314998626709	1.91728514619172	18.533173828125	1.25715625472367
58.4150009155273	1.92070310004056	18.53448828125	1.25983078032732
58.5149993896484	1.92387693095952	18.531318359375	1.26263441052288
58.6150016784668	1.92705076187849	18.524673828125	1.26531417481601
58.7150001525879	1.92983401939273	18.5149375	1.26801722217351
58.814998626709	1.93291017785668	18.51215625	1.2706087436527
58.9150009155273	1.93627935368568	18.51735546875	1.27339467871934
59.0149993896484	1.93989253602922	18.531408203125	1.27621693536639
59.1150016784668	1.94350583478808	18.533150390625	1.27926096320152
59.2150001525879	1.94716791156679	18.54335546875	1.28205993678421
59.314998626709	1.95039063692093	18.540025390625	1.28500629216433
59.4150009155273	1.95366214029491	18.5367109375	1.28752714954317
59.5149993896484	1.95688474923372	18.533193359375	1.29043916240335
59.6150016784668	1.96025380864739	18.53205078125	1.29338202532381
59.7150001525879	1.96323241107166	18.525287109375	1.29598320927471
59.814998626709	1.96621101349592	18.5222421875	1.29869522061199
59.9150009155273	1.9693358335644	18.5203359375	1.30156858358532
60.0149993896484	1.97265623137355	18.5213984375	1.30393775179982
60.1150016784668	1.97641598060727	18.53682421875	1.30713649559766
60.2150001525879	1.98027351871133	18.548578125	1.31010194309056
60.314998626709	1.98369147256017	18.551396484375	1.31316226907074
60.4150009155273	1.98725587688386	18.55119921875	1.31619197782129
60.5149993896484	1.99062493629754	18.551681640625	1.31907581817359
60.6150016784668	1.99394533410668	18.547267578125	1.32195337209851
60.7150001525879	1.99692393653095	18.538931640625	1.32461439352483
60.814998626709	2.00029299594462	18.541541015625	1.32763630244881
60.9150009155273	2.0035644993186	18.538728515625	1.33021909277886
61.0149993896484	2.00708000920713	18.54309375	1.33303075563163
61.1150016784668	2.01044930145144	18.543603515625	1.33577489759773
61.2150001525879	2.01416015625	18.55530078125	1.33922777604312
61.314998626709	2.01757811009884	18.554654296875	1.34220102336258
61.4150009155273	2.02124030329287	18.562560546875	1.34514947421849
61.5149993896484	2.02446291223168	18.554068359375	1.34794891346246
61.6150016784668	2.02783197164536	18.554685546875	1.35094136931002
61.7150001525879	2.03071278519928	18.538736328125	1.35357980616391
61.814998626709	2.03383783809841	18.5374921875	1.35652639437467
61.9150009155273	2.03691399656236	18.53325390625	1.35923933703452
62.0149993896484	2.04047840088606	18.542533203125	1.36201968416572
62.1150016784668	2.04384769313037	18.54514453125	1.3651514891535
62.2150001525879	2.0473632030189	18.55173046875	1.3680609408766
62.314998626709	2.05048825591803	18.54740234375	1.37072498910129
62.4150009155273	2.05395510420203	18.54803515625	1.37354165781289
62.5149993896484	2.05742195248604	18.552587890625	1.37646973598748
62.6150016784668	2.0610352512449	18.556302734375	1.37954449746758
62.7150001525879	2.06406251527369	18.548609375	1.38236931525171
62.814998626709	2.06743157468736	18.549529296875	1.38517573941499
62.9150009155273	2.07055662758648	18.544490234375	1.38818996492773
63.0149993896484	2.07392568700016	18.546396484375	1.39086064882576
63.1150016784668	2.0772460848093	18.547763671875	1.3937430921942
63.2150001525879	2.08095693960786	18.554529296875	1.39645650051534
63.314998626709	2.08408199250698	18.549583984375	1.39922404196113
63.4150009155273	2.08730460144579	18.54970703125	1.4023210387677
63.5149993896484	2.09038075990975	18.544681640625	1.40492420177907
63.6150016784668	2.09379871375859	18.545541015625	1.40811409801245
63.7150001525879	2.09697266109288	18.542033203125	1.41048419754952
63.814998626709	2.10043950937688	18.546701171875	1.41347816679627
63.9150009155273	2.10361322388053	18.54252734375	1.41643814276904
64.0149993896484	2.10717762820423	18.553228515625	1.41923944465816
64.1149978637695	2.11049802601337	18.549375	1.42201618291438
64.2149963378906	2.11396487429738	18.55078125	1.42497394699603
64.3150024414063	2.11699213832617	18.542869140625	1.42762798350304
64.4150009155273	2.12021474726498	18.545912109375	1.43029494211078
64.5149993896484	2.1233398001641	18.540623046875	1.43328413832933
64.6149978637695	2.12646485306323	18.54051953125	1.43591756932437
64.7149963378906	2.12944345548749	18.535935546875	1.43830105662346
64.8150024414063	2.13242182508111	18.52985546875	1.44089164678007
64.9150009155273	2.13593756780028	18.540916015625	1.44383811857551
65.0149993896484	2.13959952816367	18.553892578125	1.44687423016876
65.1149978637695	2.14335927739739	18.56126171875	1.44971464760602
65.2149963378906	2.14716792106628	18.57037890625	1.4531237538904
65.3150024414063	2.15048831887543	18.5697109375	1.45609513856471
65.4150009155273	2.1538573782891	18.568140625	1.45889259874821
65.5149993896484	2.15712888166308	18.561234375	1.46178994327784
65.6149978637695	2.16049794107676	18.56162109375	1.46477611269802
65.7149963378906	2.16342764906585	18.551037109375	1.46737752947956
65.8150024414063	2.16645514592528	18.5459921875	1.47000839933753
65.9150009155273	2.16957996599376	18.541654296875	1.47282937541604
66.0149993896484	2.17299815267324	18.54813671875	1.47542112972587
66.1149978637695	2.17675790190697	18.558994140625	1.47874723188579
66.2149963378906	2.18061520718038	18.574533203125	1.48190197069198
66.3150024414063	2.18393560498953	18.57029296875	1.48481572978199
66.4150009155273	2.18750000931323	18.57165625	1.48785370402038
66.5149993896484	2.19077151268721	18.5655390625	1.49095489177853
66.6149978637695	2.19409191049635	18.56334765625	1.49388879071921
66.7149963378906	2.19702138565481	18.552228515625	1.49675493594259
66.8150024414063	2.20024422742426	18.550361328125	1.49943714495748
66.9150009155273	2.20341794192791	18.549611328125	1.50209211278707
67.0149993896484	2.20678700134158	18.54932421875	1.50503206532449
67.1149978637695	2.21005850471556	18.558291015625	1.50811742059886
67.2149963378906	2.21367180347443	18.56773828125	1.5109796077013
67.3150024414063	2.21713865175843	18.570150390625	1.51413131970912
67.4150009155273	2.22084950655699	18.572625	1.5172092244029
67.5149993896484	2.22416990436614	18.5723515625	1.52039958629757
67.6149978637695	2.22768564708531	18.572865234375	1.52334908489138
67.7149963378906	2.23066401667893	18.557498046875	1.52611511293799
67.8150024414063	2.23388662561774	18.55548046875	1.5289627481252
67.9150009155273	2.2371094673872	18.552529296875	1.53162190690637
68.0149993896484	2.24072276614606	18.561171875	1.53464509639889
68.1149978637695	2.2441407199949	18.5589296875	1.53750274330378
68.2149963378906	2.24765622988343	18.565474609375	1.54050497803837
68.3150024414063	2.25073238834739	18.56141796875	1.54349894728512
68.4150009155273	2.25419923663139	18.559837890625	1.5463778981939
68.5149993896484	2.25751963444054	18.5574921875	1.54926651157439
68.6149978637695	2.2609862498939	18.56054296875	1.55234930571169
68.7149963378906	2.26381840184331	18.55324609375	1.55506609007716
68.8150024414063	2.26708990521729	18.546220703125	1.55793421436101
68.9150009155273	2.27006827481091	18.543490234375	1.56045728363097
69.0149993896484	2.27333977818489	18.5435078125	1.5634570736438
69.1149978637695	2.27661128155887	18.54506640625	1.56618980690837
69.2149963378906	2.28017568588257	18.5520546875	1.56921567395329
69.3150024414063	2.28339852765203	18.553083984375	1.57206680160016
69.4150009155273	2.2865233477205	18.54801953125	1.57466705422848
69.5149993896484	2.28969729505479	18.547724609375	1.57738907728344
69.6149978637695	2.29301769286394	18.54980078125	1.58036407083273
69.7149963378906	2.29638675227761	18.5530234375	1.58319971524179
69.8150024414063	2.29975581169128	18.55294921875	1.58603116869926
69.9150009155273	2.3031251039356	18.553638671875	1.58905237913132
70.0149993896484	2.3066895082593	18.5606875	1.59192050341517
70.1149978637695	2.31025391258299	18.56874609375	1.59521936438978
70.2149963378906	2.31386721134186	18.571849609375	1.59837387036532
70.3150024414063	2.31708982028067	18.566939453125	1.60112755838782
70.4150009155273	2.32060556299984	18.56722265625	1.60429149400443
70.5149993896484	2.32387706637383	18.56316796875	1.60704483278096
70.6149978637695	2.3272461257875	18.561498046875	1.61006825510412
70.7149963378906	2.33012693934143	18.54762890625	1.61259260494262
70.8150024414063	2.33339844271541	18.54898046875	1.6155862249434
70.9150009155273	2.33686529099941	18.5561640625	1.61856564227492
71.0149993896484	2.3406739346683	18.56707421875	1.62155169527978
71.1149978637695	2.344238338992	18.569859375	1.62467814516276
71.2149963378906	2.34794919379056	18.57846875	1.62803940474987
71.3150024414063	2.35097645781934	18.57094140625	1.63091288413852
71.4150009155273	2.35424796119332	18.563802734375	1.63395353592932
71.5149993896484	2.35737301409245	18.55762109375	1.63676007650793
71.6149978637695	2.36074207350612	18.5597265625	1.63976708427072
71.7149963378906	2.36362311989069	18.5454765625	1.64259073790163
71.8150024414063	2.36665038391948	18.53933203125	1.64519459940493
71.9150009155273	2.36972654238343	18.5397578125	1.64821860380471
72.0149993896484	2.37329094670713	18.54544921875	1.65084155742079
72.1149978637695	2.37709959037602	18.560970703125	1.6539222560823
72.2149963378906	2.38110357895494	18.578783203125	1.65766023565084
72.3150024414063	2.38442374393344	18.568376953125	1.66049634572119
72.4150009155273	2.38808593712747	18.57398828125	1.6637381631881
72.5149993896484	2.39130854606628	18.56612109375	1.66670477483422
72.6149978637695	2.39458004944026	18.560609375	1.66971294675022
72.7149963378906	2.39741220138967	18.54794140625	1.67241750750691
72.8150024414063	2.40073236636817	18.5485703125	1.67524453718215
72.9150009155273	2.4038574192673	18.54493359375	1.67814828455448
73.0149993896484	2.40722647868097	18.547666015625	1.68097019195557
73.1149978637695	2.41044932045043	18.548150390625	1.68406346347183
73.2149963378906	2.41416017524898	18.5571640625	1.68704567477107
73.3150024414063	2.41757812909782	18.556447265625	1.6898843459785
73.4150009155273	2.42133787833154	18.5641875	1.69300381094217
73.5149993896484	2.42456048727036	18.559958984375	1.69621570967138
73.6149978637695	2.42792977951467	18.557634765625	1.69891607947648
73.7149963378906	2.43076169863343	18.54062890625	1.70151051133871
73.8150024414063	2.43388675153255	18.539376953125	1.7045532586053
73.9150009155273	2.43696290999651	18.534501953125	1.70760927721858
74.0149993896484	2.44042975828052	18.5408515625	1.71027146279812
74.1149978637695	2.4437012616545	18.542037109375	1.71352759934962
74.2149963378906	2.447021426633	18.545568359375	1.71624938957393
74.3150024414063	2.45009758509696	18.5406640625	1.71902147121727
74.4150009155273	2.4534179829061	18.540744140625	1.72192847821862
74.5149993896484	2.45693349279463	18.54679296875	1.72484898939729
74.6149978637695	2.46049812994897	18.552498046875	1.72795169055462
74.7149963378906	2.46362295001745	18.543857421875	1.73085683491081
74.8150024414063	2.46704090386629	18.54760546875	1.73375324811786
74.9150009155273	2.47031240724027	18.547896484375	1.73658190760761
75.0149993896484	2.47382814995944	18.5504140625	1.73979380633682
75.1149978637695	2.47724610380828	18.553708984375	1.74276367761195
75.2149963378906	2.48105474747717	18.5593984375	1.74585927743465
75.3150024414063	2.4841798003763	18.551400390625	1.74894405063242
75.4150009155273	2.4874999653548	18.54851953125	1.75182323437184
75.5149993896484	2.49052722938359	18.541107421875	1.754657831043
75.6149978637695	2.4938965216279	18.540869140625	1.75737985409796
75.7149963378906	2.49707023613155	18.538609375	1.76041340455413
75.8150024414063	2.50043952837586	18.5433671875	1.76347442902625
75.9150009155273	2.50361324287951	18.542904296875	1.76634744275361
76.0149993896484	2.50717764720321	18.545806640625	1.7693784320727
76.1149978637695	2.51054693944752	18.54860546875	1.77223177161068
76.2149963378906	2.51416023820639	18.553263671875	1.77545100450516
76.3150024414063	2.51718750223517	18.546048828125	1.77854066714644
76.4150009155273	2.52060545608401	18.54645703125	1.78153382148594
76.5149993896484	2.5237794034183	18.540580078125	1.78434513509274
76.6149978637695	2.52705067396164	18.53872265625	1.78722629789263
76.7149963378906	2.52993172034621	18.5311328125	1.79012725129724
76.8150024414063	2.53305654041469	18.52950390625	1.79264217149466
76.9150009155273	2.53647449426353	18.535076171875	1.79590680636466
77.0149993896484	2.54013668745756	18.543625	1.79903965909034
77.1149978637695	2.54384754225612	18.552509765625	1.80206808727235
77.2149963378906	2.54760752432048	18.5590390625	1.80539267603308
77.3150024414063	2.55073234438896	18.552794921875	1.80860771797597
77.4150009155273	2.55410163663328	18.550697265625	1.81165465619415
77.5149993896484	2.55737314000726	18.545208984375	1.81456282734871
77.6149978637695	2.56088864989579	18.54641015625	1.81745993904769
77.7149963378906	2.56381835788488	18.535306640625	1.8204664811492
77.8150024414063	2.56694341078401	18.528087890625	1.82317104190588
77.9150009155273	2.57001956924796	18.524302734375	1.8258560448885
78.0149993896484	2.57368152961135	18.529474609375	1.82921008672565
78.1149978637695	2.57739261724055	18.54188671875	1.83230603579432
78.2149963378906	2.58120126090944	18.55247265625	1.83573283720762
78.3150024414063	2.58432608097792	18.543189453125	1.83854845818132
78.4150009155273	2.58774403482676	18.5410859375	1.84186827391386
78.5149993896484	2.59086908772588	18.53372265625	1.84462056495249
78.6149978637695	2.593994140625	18.528712890625	1.84763630386442
78.7149963378906	2.59677739813924	18.51666796875	1.85048137791455
78.8150024414063	2.59990245103836	18.51167578125	1.85304426122457
78.9150009155273	2.60307616554201	18.515125	1.8560728058219
79.0149993896484	2.60634766891599	18.5152265625	1.85857794713229
79.1149978637695	2.60971672832966	18.521931640625	1.86170486267656
79.2149963378906	2.613281365484	18.527654296875	1.86482141725719
79.3150024414063	2.6168457698077	18.53294921875	1.86795019544661
79.4150009155273	2.62055662460625	18.54173046875	1.87078164890409
79.5149993896484	2.62392568401992	18.536125	1.87418784480542
79.6149978637695	2.62739253230393	18.5340703125	1.87726295553148
79.7149963378906	2.63032224029303	18.522126953125	1.88014435116202
79.8150024414063	2.63349618762732	18.51498828125	1.88294926192611
79.9150009155273	2.63657234609127	18.511353515625	1.88590085599571
80.0149993896484	2.64003896154463	18.518173828125	1.88882916700095
80.1149978637695	2.64350580982864	18.522767578125	1.89193582627922
80.2149963378906	2.64697265811265	18.524666015625	1.8950515659526
80.3150024414063	2.65019526705146	18.521826171875	1.89773086458445
80.4150009155273	2.6536132209003	18.518916015625	1.9006630172953
80.5149993896484	2.65712896361947	18.52473828125	1.90377212129533
80.6149978637695	2.66079092398286	18.5288046875	1.90706923604012
80.7149963378906	2.66386708244681	18.52076171875	1.90989836119115
80.8150024414063	2.6672852691263	18.519806640625	1.91308662761003
80.9150009155273	2.67041008919477	18.512548828125	1.91597768571228
81.0149993896484	2.67382804304361	18.515171875	1.9190531456843
81.1149978637695	2.67709954641759	18.518548828125	1.92226562649012
81.2149963378906	2.68076173961163	18.523333984375	1.92512664943933
81.3150024414063	2.68383789807558	18.5160546875	1.92800047807395
81.4150009155273	2.68701161257923	18.508552734375	1.93099398165941
81.5149993896484	2.69003910943866	18.504708984375	1.93389831110835
81.6149978637695	2.69340816885233	18.5065078125	1.93714140914381
81.7149963378906	2.69672856666148	18.50974609375	1.9398886943236
81.8150024414063	2.70019541494548	18.511181640625	1.94303202442825
81.9150009155273	2.70346668548882	18.51201171875	1.94617186207324
82.0149993896484	2.70717777311802	18.523130859375	1.94939901120961
82.1149978637695	2.71079107187688	18.523505859375	1.95242802146822
82.2149963378906	2.71450192667544	18.527494140625	1.95562583394349
82.3150024414063	2.71762697957456	18.520794921875	1.95868778973818
82.4150009155273	2.72114248946309	18.520646484375	1.96183938533068
82.5149993896484	2.72426754236221	18.511630859375	1.96477794088423
82.6149978637695	2.72753904573619	18.506111328125	1.967842457816
82.7149963378906	2.73027340881526	18.495072265625	1.97054725140333
82.8150024414063	2.73349601775408	18.49148828125	1.97341456077993
82.9150009155273	2.73681641556323	18.4918828125	1.97646534070373
83.0149993896484	2.74057616479695	18.504927734375	1.97972939349711
83.1149978637695	2.74409190751612	18.508888671875	1.98282022029161
83.2149963378906	2.74780276231468	18.516826171875	1.98628660291433
83.3150024414063	2.7509278152138	18.506283203125	1.98926101438701
83.4150009155273	2.75429687462747	18.5049296875	1.99225265532732
83.5149993896484	2.75747058913112	18.499240234375	1.99534534476697
83.6149978637695	2.76083988137543	18.49842578125	1.99836725369096
83.7149963378906	2.76367180049419	18.486552734375	2.00112606398761
83.8150024414063	2.76674795895815	18.479462890625	2.00427719391882
83.9150009155273	2.76977545581758	18.4743203125	2.0071764010936
84.0149993896484	2.77319340966642	18.478150390625	2.00980715453625
84.1149978637695	2.77685537002981	18.49078125	2.01300322078168
84.2149963378906	2.7806640136987	18.49828125	2.01626121997833
84.3150024414063	2.78393551707268	18.49603515625	2.01938580721617
84.4150009155273	2.78745125979185	18.49624609375	2.02242936939001
84.5149993896484	2.79067386873066	18.493244140625	2.02574813738465
84.6149978637695	2.79399403370917	18.489107421875	2.02874885872006
84.7149963378906	2.79692374169827	18.48	2.03167181462049
84.8150024414063	2.80019524507225	18.477697265625	2.03413912095129
84.9150009155273	2.80341785401106	18.47525	2.03731702640653
85.0149993896484	2.80683604069054	18.48015625	2.04019714146852
85.1149978637695	2.81015620566905	18.482392578125	2.04320228658617
85.2149963378906	2.81381839886308	18.489828125	2.0463215187192
85.3150024414063	2.81723635271192	18.489375	2.04942398704588
85.4150009155273	2.82084965147078	18.492646484375	2.05303472466767
85.5149993896484	2.82402336597443	18.48671875	2.05588806420565
85.6149978637695	2.82739265821874	18.484537109375	2.05870787613094
85.7149963378906	2.83027347177267	18.469990234375	2.06197169609368
85.8150024414063	2.83330073580146	18.461126953125	2.06468859687448
85.9150009155273	2.83637689426541	18.45880078125	2.06765602342784
86.0149993896484	2.83974618650973	18.46260546875	2.07068840973079
86.1149978637695	2.84321280196309	18.4705859375	2.0737606100738
86.2149963378906	2.8466796502471	18.4733984375	2.07669869996607
86.3150024414063	2.84990225918591	18.471123046875	2.07995111122727
86.4150009155273	2.85327155143023	18.46934765625	2.08291364833713
86.5149993896484	2.85683595575392	18.47459375	2.08606314845383
86.6149978637695	2.86049814894795	18.48249609375	2.08917818963528
86.7149963378906	2.86357430741191	18.4722109375	2.09270697087049
86.8150024414063	2.86694336682558	18.4704375	2.09541292861104
86.9150009155273	2.87011708132923	18.462396484375	2.09883973002434
87.0149993896484	2.87353526800871	18.46524609375	2.10188585333526
87.1149978637695	2.87695322185755	18.4686171875	2.10515293292701
87.2149963378906	2.88071297109127	18.47476953125	2.1080831065774
87.3150024414063	2.88388668559492	18.4694296875	2.11125612258911
87.4150009155273	2.8871581889689	18.4633671875	2.11456278339028
87.5149993896484	2.89033213630319	18.456474609375	2.11737235076725
87.6149978637695	2.89384764619172	18.459357421875	2.12054001167417
87.7149963378906	2.8971191495657	18.455724609375	2.12369253858924
87.8150024414063	2.9005859978497	18.45752734375	2.12690932676196
87.9150009155273	2.90380860678852	18.454599609375	2.13011307641864
88.0149993896484	2.90742190554738	18.45664453125	2.1329855080694
88.1149978637695	2.91079096496105	18.455005859375	2.13638204149902
88.2149963378906	2.91430670768023	18.45578515625	2.13936483487487
88.3150024414063	2.91728507727385	18.4442109375	2.14243773370981
88.4150009155273	2.92060547508299	18.440158203125	2.14557582512498
88.5149993896484	2.92368163354695	18.437251953125	2.14839610271156
88.6149978637695	2.92685558088124	18.432337890625	2.15170043520629
88.7149963378906	2.92973639443517	18.424984375	2.15453514829278
88.8150024414063	2.93281255289912	18.418673828125	2.15740175917745
88.9150009155273	2.93627940118313	18.425103515625	2.1602725610137
89.0149993896484	2.93999025598168	18.433189453125	2.16325488872826
89.1149978637695	2.94370111078024	18.44067578125	2.16662883758545
89.2149963378906	2.94746086001396	18.45036328125	2.17004562728107
89.3150024414063	2.95068370178342	18.44011328125	2.17322539538145
89.4150009155273	2.95405276119709	18.437865234375	2.17650411650538
89.5149993896484	2.95722647570074	18.429326171875	2.1793523337692
89.6149978637695	2.96059576794505	18.42847265625	2.18273093923926
89.7149963378906	2.96347658149898	18.416423828125	2.18560686334968
89.8150024414063	2.96650384552777	18.40764453125	2.18848185613751
89.9150009155273	2.9695313423872	18.405205078125	2.19131144694984
90.0149993896484	2.97290040180087	18.40680078125	2.19437037594616
90.1149978637695	2.97661125659943	18.418189453125	2.19756667502224
90.2149963378906	2.98051768913865	18.42981640625	2.20072083175182
90.3150024414063	2.98378895968199	18.4238203125	2.2039944306016
90.4150009155273	2.98735359683633	18.4268515625	2.20725103281438
90.5149993896484	2.99057620577514	18.419298828125	2.21042241901159
90.6149978637695	2.99384770914912	18.41409375	2.21353024244308
90.7149963378906	2.99672852270305	18.40056640625	2.21658661030233
90.8150024414063	2.99995113164186	18.39179296875	2.21932586282492
90.9150009155273	3.00312507897615	18.395619140625	2.22255219705403
91.0149993896484	3.00639658235013	18.394021484375	2.22540996037424
91.1149978637695	3.00971674732864	18.393009765625	2.22875503823161
91.2149963378906	3.01318359561265	18.396998046875	2.2315364331007
91.3150024414063	3.01674799993634	18.402740234375	2.23480560816824
91.4150009155273	3.02036129869521	18.40885546875	2.23839469254017
91.5149993896484	3.02373035810888	18.40490234375	2.24152603186667
91.6149978637695	3.02724610082805	18.407630859375	2.2444308269769
91.7149963378906	3.03027336485684	18.3944609375	2.24779895506799
91.8150024414063	3.0334962066263	18.388310546875	2.25098757073283
91.9150009155273	3.03671881556511	18.3840390625	2.25376640446484
92.0149993896484	3.04028321988881	18.388259765625	2.25702929310501
92.1149978637695	3.04379872977734	18.388234375	2.26027076132596
92.2149963378906	3.04731447249651	18.39215234375	2.26374017074704
92.3150024414063	3.05043952539563	18.38187890625	2.26677674800158
92.4150009155273	3.05385747924447	18.37882421875	2.27008969523013
92.5149993896484	3.05722653865814	18.379232421875	2.27331044152379
92.6149978637695	3.06074228137732	18.379876953125	2.27664015255868
92.7149963378906	3.06372065097094	18.36788671875	2.27948627434671
92.8150024414063	3.06704104878008	18.3685078125	2.28254473768175
92.9150009155273	3.07016610167921	18.362419921875	2.28575943037868
93.0149993896484	3.07348626665771	18.36277734375	2.28889076970518
93.1149978637695	3.07680666446686	18.3632265625	2.29193968698382
93.2149963378906	3.08046885766089	18.36616015625	2.29555019177496
93.3150024414063	3.08364257216454	18.3615	2.29867314919829
93.4150009155273	3.08686518110335	18.354189453125	2.3016904015094
93.5149993896484	3.08999023400247	18.344642578125	2.30463431216776
93.6149978637695	3.09331063181162	18.346849609375	2.30783433653414
93.7149963378906	3.0965821351856	18.340884765625	2.31103575788438
93.8150024414063	3.09995119459927	18.3409375	2.31408956460655
93.9150009155273	3.10317380353808	18.338087890625	2.31734197586775
94.0149993896484	3.10664065182209	18.338138671875	2.32052407227457
94.1149978637695	3.11015616171062	18.34308203125	2.32351245358586
94.2149963378906	3.11367190442979	18.3416796875	2.32688151299953
94.3150024414063	3.11679695732892	18.328796875	2.3301059845835
94.4150009155273	3.12016601674259	18.33054296875	2.33324617147446
94.5149993896484	3.12343752011657	18.32374609375	2.33616097830236
94.6149978637695	3.12670902349055	18.32027734375	2.339375205338
94.7149963378906	3.12968739308417	18.310787109375	2.34237755648792
94.8150024414063	3.13281244598329	18.306041015625	2.34535336494446
94.9150009155273	3.1362792942673	18.30977734375	2.34887911938131
95.0149993896484	3.14003904350102	18.317115234375	2.35198624432087
95.1149978637695	3.14365234225988	18.319984375	2.35537858679891
95.2149963378906	3.14736319705844	18.32296875	2.35860445536673
95.3150024414063	3.15048824995756	18.31284765625	2.3619313724339
95.4150009155273	3.15366219729185	18.3059453125	2.36515607684851
95.5149993896484	3.15678701736033	18.294314453125	2.36825179308653
95.6149978637695	3.16010741516948	18.290923828125	2.37132515758276
95.7149963378906	3.16303712315857	18.281009765625	2.37431819550693
95.8150024414063	3.16596683114767	18.27144921875	2.37718131393194
95.9150009155273	3.16914054565132	18.269962890625	2.38041183911264
96.0149993896484	3.17246094346046	18.267556640625	2.3833115119487
96.1149978637695	3.17636714316905	18.28674609375	2.38682026974857
96.2149963378906	3.18032223731279	18.29679296875	2.39023822359741
96.3150024414063	3.1837890855968	18.295939453125	2.39367457106709
96.4150009155273	3.18740238435566	18.292125	2.3966277949512
96.5149993896484	3.19072254933417	18.283490234375	2.40026670508087
96.6149978637695	3.19399405270815	18.276982421875	2.4034867528826
96.7149963378906	3.19687509909272	18.25978125	2.40662274882197
96.8150024414063	3.20014636963606	18.2529296875	2.40977737121284
96.9150009155273	3.20332031697035	18.249556640625	2.41299625486135
97.0149993896484	3.2066407147795	18.25011328125	2.41596670821309
97.1149978637695	3.21000977419317	18.249189453125	2.41939746774733
97.2149963378906	3.2136719673872	18.253423828125	2.42282752878964
97.3150024414063	3.2172363717109	18.25409375	2.42600124329329
97.4150009155273	3.22094722650945	18.254162109375	2.42954515852034
97.5149993896484	3.2242676243186	18.249283203125	2.43299663998187
97.6149978637695	3.22773447260261	18.246634765625	2.43627186864614
97.7149963378906	3.23066394776106	18.226697265625	2.43935221806169
97.8150024414063	3.23388678953052	18.218783203125	2.4427801836282
97.9150009155273	3.23696294799447	18.21036328125	2.44575412943959
98.0149993896484	3.24042979627848	18.21369140625	2.44898931123316
98.1149978637695	3.24374996125698	18.210966796875	2.45230481959879
98.2149963378906	3.24721680954099	18.212865234375	2.45558493770659
98.3150024414063	3.25029296800494	18.202779296875	2.45884386822581
98.4150009155273	3.25366202741861	18.1986171875	2.46227090246975
98.5149993896484	3.25717777013779	18.20028515625	2.46558361686766
98.6149978637695	3.26079106889665	18.2032421875	2.46876780875027
98.7149963378906	3.26391612179577	18.191017578125	2.47216993011534
98.8150024414063	3.26738273724914	18.18788671875	2.4754460901022
98.9150009155273	3.27055668458343	18.180294921875	2.47874762862921
99.0149993896484	3.27412108890712	18.18025	2.48204381205142
99.1149978637695	3.27749014832079	18.1741796875	2.48539447784424
99.2149963378906	3.28124989755452	18.179650390625	2.48866318725049
99.3150024414063	3.28432605601847	18.1611875	2.49196263030171
99.4150009155273	3.28754889778793	18.155884765625	2.49552936293185
99.5149993896484	3.29052726738155	18.144041015625	2.49821762554348
99.6149978637695	3.29389655962586	18.140859375	2.50158924609423
99.7149963378906	3.29707027412951	18.132099609375	2.50487145967782
99.8150024414063	3.30039067193866	18.127853515625	2.50770803540945
99.9150009155273	3.3035643864423	18.125333984375	2.5111383292824
100.014999389648	3.307128790766	18.124974609375	2.51427618786693
100.11499786377	3.31054697744548	18.12719140625	2.51740938983858
100.214996337891	3.31406248733401	18.12618359375	2.52101919613779
100.315002441406	3.31713864579797	18.111630859375	2.52421642653644
100.415000915527	3.32050770521164	18.11044140625	2.52749491482973
100.514999389648	3.32368165254593	18.100205078125	2.53070471808314
100.61499786377	3.32690426148474	18.09241015625	2.5338267441839
100.714996337891	3.32983396947384	18.0826875	2.5367836933583
100.815002441406	3.33295902237296	18.072353515625	2.53975717350841
100.915000915527	3.33632808178663	18.076654296875	2.54341657273471
101.014999389648	3.33999027498066	18.08098828125	2.54645175300539
101.11499786377	3.34360357373953	18.079021484375	2.54960195161402
101.214996337891	3.34736332297325	18.083845703125	2.5535118766129
101.315002441406	3.35058593191206	18.072900390625	2.55675450898707
101.415000915527	3.35395499132574	18.06411328125	2.56033916957676
101.514999389648	3.35717783309519	18.05239453125	2.56344676017761
101.61499786377	3.36064444854856	18.051041015625	2.56683235056698
101.714996337891	3.36362305097282	18.033541015625	2.57010827772319
101.815002441406	3.36674810387194	18.024376953125	2.57317791692913
101.915000915527	3.3698242623359	18.0196484375	2.57626897655427
102.014999389648	3.37343756109476	18.02080078125	2.57970159873366
102.11499786377	3.37714841589332	18.0251640625	2.58313887752593
102.214996337891	3.38100595399737	18.027275390625	2.58695124648511
102.315002441406	3.38422856293619	18.018830078125	2.59029539301991
102.415000915527	3.38774407282472	18.01112890625	2.59379483759403
102.514999389648	3.39086912572384	17.9967578125	2.59713223204017
102.61499786377	3.39404307305813	17.98761328125	2.60054366663098
102.714996337891	3.39692388661206	17.967205078125	2.60364613495767
102.815002441406	3.40014649555087	17.9593046875	2.60679819621146
102.915000915527	3.40332021005452	17.95113671875	2.60984036140144
103.014999389648	3.40668950229883	17.950470703125	2.61328252963722
103.11499786377	3.41000966727734	17.946142578125	2.61635822243989
103.214996337891	3.41372075490654	17.952875	2.62004369869828
103.315002441406	3.4173340536654	17.95173828125	2.62349750846624
103.415000915527	3.42104490846395	17.950291015625	2.62704188935459
103.514999389648	3.4243653062731	17.942966796875	2.63073202222586
103.61499786377	3.42783192172647	17.9332109375	2.63442262075841
103.714996337891	3.43076162971556	17.912017578125	2.63754837214947
103.815002441406	3.43398447148502	17.901232421875	2.64089345000684
103.915000915527	3.43701173551381	17.8880234375	2.64418148435652
104.014999389648	3.44052724540234	17.887341796875	2.64742597937584
104.11499786377	3.44389653764665	17.87911328125	2.65091215260327
104.214996337891	3.44741204753518	17.878107421875	2.65405839309096
104.315002441406	3.45048820599914	17.8660234375	2.65756901353598
104.415000915527	3.45395505428314	17.858951171875	2.66110780648887
104.514999389648	3.45737300813198	17.85409765625	2.6645315811038
104.61499786377	3.46093741245568	17.849328125	2.66809086315334
104.714996337891	3.46391601487994	17.833958984375	2.67113721929491
104.815002441406	3.46723641268909	17.8257109375	2.67437682487071
104.915000915527	3.47031257115304	17.814736328125	2.67756078392267
105.014999389648	3.47363273613155	17.809765625	2.68080970272422
105.11499786377	3.47690423950553	17.801435546875	2.68425093963742
105.214996337891	3.48046864382923	17.798115234375	2.68754828721285
105.315002441406	3.48354503512383	17.78812890625	2.69106752239168
105.415000915527	3.48662119358778	17.774400390625	2.69418908283114
105.514999389648	3.48974601365626	17.766400390625	2.69717769697309
105.61499786377	3.49301751703024	17.76044140625	2.70040798932314
105.714996337891	3.49638680927455	17.755041015625	2.70372373051941
105.815002441406	3.49975586868823	17.75096875	2.70731281489134
105.915000915527	3.50317382253706	17.7467890625	2.71076592616737
106.014999389648	3.50678712129593	17.743646484375	2.71404511295259
106.11499786377	3.51040042005479	17.7423515625	2.71743047051132
106.214996337891	3.51406261324883	17.73559765625	2.72118742577732
106.315002441406	3.51723632775247	17.71887890625	2.72463541477919
106.415000915527	3.52070317603648	17.710501953125	2.72798608057201
106.514999389648	3.52387689054012	17.69758203125	2.7313195168972
106.61499786377	3.52709949947894	17.685154296875	2.73477984592319
106.714996337891	3.52998054586351	17.664501953125	2.73799756541848
106.815002441406	3.53310536593199	17.653552734375	2.74108699522913
106.915000915527	3.53652355261147	17.652810546875	2.74476665072143
107.014999389648	3.54023440741003	17.656728515625	2.74824001826346
107.11499786377	3.54384770616889	17.65266796875	2.75180768221617
107.214996337891	3.54760745540261	17.650591796875	2.75535462424159
107.315002441406	3.55078116990626	17.63420703125	2.75887106545269
107.415000915527	3.55415046215057	17.619966796875	2.76241591200233
107.514999389648	3.55732417665422	17.60352734375	2.76594585739076
107.61499786377	3.56074213050306	17.59753515625	2.7692427393049
107.714996337891	3.56367183849216	17.5801796875	2.77246092446148
107.815002441406	3.56674799695611	17.564892578125	2.77579925023019
107.915000915527	3.56982415542006	17.5531328125	2.7788809966296
108.014999389648	3.57333989813924	17.55305859375	2.78221326880157
108.11499786377	3.57705075293779	17.55280859375	2.78608058579266
108.214996337891	3.58095695264637	17.558849609375	2.78980960138142
108.315002441406	3.58427735045552	17.543220703125	2.79345992021263
108.415000915527	3.58789064921439	17.536705078125	2.79712001793087
108.514999389648	3.59116215258837	17.51841015625	2.8007635846734
108.61499786377	3.59448231756687	17.50437890625	2.80422251671553
108.714996337891	3.59741202555597	17.48176171875	2.80731660313904
108.815002441406	3.60082997940481	17.47298046875	2.81075900420547
108.915000915527	3.6040039267391	17.459408203125	2.81426310539246
109.014999389648	3.60751943662763	17.454638671875	2.8177248314023
109.11499786377	3.61074227839708	17.440857421875	2.82113812863827
109.214996337891	3.61450202763081	17.442189453125	2.82471743412316
109.315002441406	3.61787108704448	17.4321328125	2.82838055863976
109.415000915527	3.62143549136817	17.425306640625	2.83194473013282
109.514999389648	3.6245605442673	17.406025390625	2.83545721322298
109.61499786377	3.62788094207644	17.3900234375	2.83887260593474
109.714996337891	3.63066396676004	17.368650390625	2.8420309536159
109.815002441406	3.63378901965916	17.35614453125	2.84519325941801
109.915000915527	3.63681651651859	17.343642578125	2.84820795059204
110.014999389648	3.64023447036743	17.340341796875	2.85156187601388
110.11499786377	3.6436035297811	17.336216796875	2.85481871105731
110.214996337891	3.64711903966963	17.32909765625	2.85832211375237
110.315002441406	3.65019519813359	17.31748828125	2.8616099152714
110.415000915527	3.65361338481307	17.3092578125	2.86484998650849
110.514999389648	3.65708000026643	17.304591796875	2.86851241253316
110.61499786377	3.6606932990253	17.299888671875	2.87206307984889
110.714996337891	3.66376945748925	17.283390625	2.8757166583091
110.815002441406	3.66713874973357	17.2688671875	2.87883495911956
110.915000915527	3.67026356980205	17.256283203125	2.88201426155865
111.014999389648	3.67368175648153	17.25004296875	2.88565759547055
111.11499786377	3.6770508158952	17.239212890625	2.88939382880926
111.214996337891	3.68076167069376	17.2378359375	2.89277755655348
111.315002441406	3.68393561802804	17.22151171875	2.89616035297513
111.415000915527	3.68725578300655	17.207115234375	2.899753395468
111.514999389648	3.69042973034084	17.191146484375	2.90323817171156
111.61499786377	3.69389657862484	17.1833984375	2.90684821084142
111.714996337891	3.69716808199883	17.17132421875	2.91007617488503
111.815002441406	3.70063469745219	17.164154296875	2.91370949707925
111.915000915527	3.703857306391	17.149857421875	2.91693932376802
112.014999389648	3.70747060514987	17.14487109375	2.92068184353411
112.11499786377	3.71083989739418	17.1304140625	2.92401574552059
112.214996337891	3.71430674567819	17.126720703125	2.92782858014107
112.315002441406	3.71728511527181	17.1042109375	2.93106795288622
112.415000915527	3.72060551308095	17.088201171875	2.93451291508973
112.514999389648	3.72373056598008	17.077138671875	2.93810968287289
112.61499786377	3.72695317491889	17.062634765625	2.94148130342364
112.714996337891	3.72983398847282	17.041576171875	2.94478004798293
112.815002441406	3.73295904137194	17.03049609375	2.94787553139031
112.915000915527	3.73647455126047	17.029865234375	2.95124365948141
113.014999389648	3.74028319492936	17.030833984375	2.95510678552091
113.11499786377	3.74399404972792	17.028443359375	2.95858085155487
113.214996337891	3.74780269339681	17.022224609375	2.96258134767413
113.315002441406	3.75102530233562	16.999458984375	2.9662698507309
113.415000915527	3.75449215061963	16.985046875	2.96998932026327
113.514999389648	3.75771475955844	16.9620390625	2.97327782027423
113.61499786377	3.76108405180275	16.953900390625	2.97701428644359
113.714996337891	3.76391597092152	16.92504296875	2.98040406778455
113.815002441406	3.76699212938547	16.908611328125	2.98376870341599
113.915000915527	3.7700196262449	16.894990234375	2.98677873797715
114.014999389648	3.77353513613343	16.8918046875	2.99030216410756
114.11499786377	3.77719732932746	16.89028515625	2.9938982333988
114.214996337891	3.78105463460088	16.887328125	2.99783865921199
114.315002441406	3.78427724353969	16.86589453125	3.00136720761657
114.415000915527	3.78779298625886	16.854833984375	3.00508178770542
114.514999389648	3.79086914472282	16.82927734375	3.00843245349824
114.61499786377	3.79409175366163	16.813283203125	3.01212025806308
114.714996337891	3.79692390561104	16.796765625	3.01525415852666
114.815002441406	3.80009762011468	16.7870703125	3.01861483603716
114.915000915527	3.80322267301381	16.770869140625	3.02182347513735
115.014999389648	3.80644528195262	16.761259765625	3.02510964684188
115.11499786377	3.80966789089143	16.74978515625	3.02849197760224
115.214996337891	3.81318363361061	16.743078125	3.03172436542809
115.315002441406	3.81669914349914	16.73670703125	3.03521985188127
115.415000915527	3.82026378065348	16.727951171875	3.03894956596196
115.514999389648	3.82363284006715	16.711333984375	3.04259452968836
115.61499786377	3.82709968835115	16.70368359375	3.04620945826173
115.714996337891	3.83017584681511	16.6804453125	3.04983370006084
115.815002441406	3.83334956131876	16.664197265625	3.05316015146673
115.915000915527	3.83657217025757	16.646287109375	3.0563969630748
116.014999389648	3.84003901854157	16.638501953125	3.05999629199505
116.11499786377	3.84355476126075	16.630697265625	3.06339631788433
116.214996337891	3.84711916558444	16.621126953125	3.06709250435233
116.315002441406	3.85029288008809	16.60056640625	3.0706156976521
116.415000915527	3.85371083393693	16.584900390625	3.07394843548536
116.514999389648	3.85712902061641	16.572482421875	3.07773519307375
116.61499786377	3.86069342494011	16.564716796875	3.08130262419581
116.714996337891	3.8637206889689	16.53612890625	3.08493664488196
116.815002441406	3.86704108677804	16.52629296875	3.08829406276345
116.915000915527	3.870117245242	16.50383984375	3.09157115407288
117.014999389648	3.87348630465567	16.493828125	3.09499818831682
117.11499786377	3.87685536406934	16.484419921875	3.09856259264052
117.214996337891	3.88056645169854	16.4760859375	3.10217612423003
117.315002441406	3.88374016620219	16.45690234375	3.10591794550419
117.415000915527	3.886962775141	16.43923828125	3.10935149900615
117.514999389648	3.89013672247529	16.419669921875	3.11263441108167
117.61499786377	3.8936035707593	16.408818359375	3.11634829267859
117.714996337891	3.89687507413328	16.396021484375	3.11975041404366
117.815002441406	3.90029302798212	16.3835078125	3.12334718182683
117.915000915527	3.9035645313561	16.3657802734375	3.12716048210859
118.014999389648	3.90722649171948	16.3547275390625	3.13060358166695
118.11499786377	3.91069334000349	16.3423447265625	3.13457031734288
118.214996337891	3.914306871593	16.3286728515625	3.13823949545622
118.315002441406	3.917480353266	16.30212109375	3.14191007055342
118.415000915527	3.92099609598517	16.28833984375	3.14548658207059
118.514999389648	3.92421893775463	16.2684033203125	3.14899324439466
118.61499786377	3.92753910273314	16.2463359375	3.15265031531453
118.714996337891	3.93042014911771	16.219705078125	3.15595488063991
118.815002441406	3.93378920853138	16.2094609375	3.15967388451099
118.915000915527	3.93720716238022	16.196228515625	3.1630105804652
119.014999389648	3.94101580604911	16.1931396484375	3.16681852564216
119.11499786377	3.94453108310699	16.1786220703125	3.17049585282803
119.214996337891	3.9481446146965	16.16527734375	3.17430472932756
119.315002441406	3.95112298429012	16.1310205078125	3.17777250893414
119.415000915527	3.95444314926863	16.1163857421875	3.18159349262714
119.514999389648	3.95751930773258	16.0905244140625	3.18467267788947
119.61499786377	3.96079104393721	16.077685546875	3.18823545239866
119.714996337891	3.96357430145144	16.0503779296875	3.1915430445224
119.815002441406	3.96655267104506	16.03221484375	3.19474516436458
119.915000915527	3.96962882950902	16.0128671875	3.19793098606169
120.014999389648	3.97304678335786	16.003599609375	3.20146628655493
120.11499786377	3.97680653259158	16.0039697265625	3.20491171441972
120.214996337891	3.98071296513081	15.9994892578125	3.20895528420806
120.315002441406	3.98403313010931	15.9764013671875	3.21271573193371
120.415000915527	3.98764666169882	15.9526552734375	3.21636139415205
120.514999389648	3.99086903780699	15.926333984375	3.22030996903777
120.61499786377	3.99414077401161	15.901744140625	3.22383269667625
120.714996337891	3.99697246029973	15.8695517578125	3.22713516652584
120.815002441406	4.00024419650435	15.849302734375	3.23071959428489
120.915000915527	4.00336924940348	15.824548828125	3.23419761843979
121.014999389648	4.00673830881715	15.8079208984375	3.23780300095677
121.11499786377	4.01005847379565	15.7904462890625	3.24131967499852
121.214996337891	4.01367200538516	15.7787685546875	3.24503006413579
121.315002441406	4.01713885366917	15.7586484375	3.24869295582175
121.415000915527	4.02084970846772	15.738666015625	3.25248716399074
121.514999389648	4.02416987344623	15.708162109375	3.25613119639456
121.61499786377	4.02758782729506	15.6806552734375	3.26017360202968
121.714996337891	4.03051776811481	15.64145703125	3.26376548036933
121.815002441406	4.03369124978781	15.613177734375	3.26772569678724
121.915000915527	4.0368651971221	15.5833193359375	3.2711261883378
122.014999389648	4.04038093984127	15.5661640625	3.27443610876799
122.11499786377	4.04370110481977	15.54115234375	3.278739284724
122.214996337891	4.04711905866861	15.5148583984375	3.28238168731332
122.315002441406	4.05019521713257	15.4824267578125	3.28602269291878
122.415000915527	4.05351584777236	15.451978515625	3.2899328507483
122.514999389648	4.05703112483025	15.4235830078125	3.29395243898034
122.61499786377	4.06064465641975	15.3926611328125	3.29810497350991
122.714996337891	4.06376970931888	15.342232421875	3.30198439769447
122.815002441406	4.06723655760288	15.2889951171875	3.30653181299567
122.915000915527	4.07045893371105	15.1830439453125	3.31131229177117
123.014999389648	4.07407246530056	14.9729619140625	3.31785576418042
123.059997558594	4.07631834968925	-1.55447119140625	3.40152089484036
