File Path: C:\2024\20240314 CTLbio tensile\Test Run 1 03-14-24 16 22 53 PM\DAQ- Time, … - (Timed).txt   
Test: CTLbio_tensile_EC5AA
Test Run: Test Run 1
Date: 3/14/2024 3:49:00 PM


Time 	Crosshead 	Load 	Extensometer 
sec	mm	kN	mm
0.952000021934509	0.001318359409197	0.0413074340820313	0.000184176656148338
1.05200004577637	0.00327148427459178	0.0970521621704102	0.000626786686552805
1.15199995040894	0.00600585917709395	0.183003524780273	0.0018316392242923
1.25199997425079	0.00854492191137979	0.262046997070312	0.00256617272498261
1.35199999809265	0.0113769528979901	0.350580108642578	0.00381113090952567
1.45200002193451	0.014697265214636	0.454139190673828	0.00501149725096184
1.55200004577637	0.0180664064828306	0.56235498046875	0.00643231578578707
1.65199995040894	0.0214355477510253	0.671895690917969	0.00742431848266278
1.75199997425079	0.0246093750320142	0.771902770996094	0.00888484919414623
1.85199999809265	0.0280273434327682	0.877908020019531	0.0101595533124055
1.95200002193451	0.0315429679176304	0.986718811035156	0.0114387439680286
2.05200004577637	0.0355957017745823	1.12029150390625	0.0129409245346324
2.15199995040894	0.0397460935346317	1.24807434082031	0.0145560306918924
2.25200009346008	0.0432617198384833	1.36355017089844	0.0159502760652686
2.35199999809265	0.0470214836241212	1.47521118164063	0.0173010921571404
2.45199990272522	0.0504394520248752	1.58245556640625	0.0187582791113527
2.55200004577637	0.053906249377178	1.70061755371094	0.0200582362595014
2.65199995040894	0.0569335934414994	1.79710852050781	0.0214407136809314
2.75200009346008	0.060449219745351	1.90823327636719	0.0227589989663102
2.85199999809265	0.0637695338809863	2.01346228027344	0.024041877622949
2.95199990272522	0.0674804687150754	2.12958740234375	0.0252937607001513
3.05200004577637	0.0709472660673782	2.23738818359375	0.0264802783931373
3.15199995040894	0.0748046877561137	2.35638500976563	0.0281325355899753
3.25200009346008	0.0785156225902028	2.47467749023438	0.029338538297452
3.35199999809265	0.0821777357487008	2.59053857421875	0.0310608047584537
3.45199990272522	0.0856933620525524	2.69825341796875	0.0321560291922651
3.55200004577637	0.0888183567440137	2.79673486328125	0.0335087715939153
3.65199995040894	0.092089845566079	2.89545629882813	0.0347070927091409
3.75200009346008	0.0953613271121867	2.9963544921875	0.0359660407411866
3.85199999809265	0.0989257823675871	3.10456201171875	0.0372933318431024
3.95199990272522	0.102441408671439	3.21617138671875	0.0386851752409711
4.05200004577637	0.106103514553979	3.32620532226563	0.0398811971535906
4.15199995040894	0.109277345472947	3.42525122070312	0.0411187247664202
4.2519998550415	0.112695313873701	3.5325703125	0.0424294703407213
4.35200023651123	0.116210940177552	3.64093139648438	0.0438379720435478
4.4520001411438	0.119873046060093	3.75481030273437	0.0453221946372651
4.55200004577637	0.122900397400372	3.845021484375	0.0464187178295106
4.65199995040894	0.126269529573619	3.94871044921875	0.0478382353321649
4.7519998550415	0.129394524265081	4.04630444335938	0.0490845886815805
4.85200023651123	0.132861328893341	4.1496865234375	0.0501704234920908
4.9520001411438	0.136181639390998	4.2524013671875	0.0513699560542591
5.05200004577637	0.139892581501044	4.3630693359375	0.0529583739989903
5.15199995040894	0.143017576192506	4.46108740234375	0.0540981309313793
5.2519998550415	0.146337886690162	4.56036572265625	0.0553595891688019
5.35200023651123	0.149414059706032	4.65605078125	0.0563572175451554
5.4520001411438	0.152832028106786	4.757294921875	0.0578941471758299
5.55200004577637	0.156103516928852	4.86022216796875	0.0591312564210966
5.65199995040894	0.159716801135801	4.96534423828125	0.0604412089160178
5.7519998550415	0.162988275405951	5.070482421875	0.0615661483607255
5.85200023651123	0.166748053743504	5.1811376953125	0.0627943518338725
5.9520001411438	0.17026366549544	5.288865234375	0.0643153834971599
6.05200004577637	0.173974607605487	5.4030673828125	0.0655317635391839
6.15199995040894	0.177197260200046	5.49830029296875	0.066901629907079
6.2519998550415	0.180712886503898	5.60588232421875	0.0682719983160496
6.35200023651123	0.183886717422865	5.6988623046875	0.0694545014994219
6.4520001411438	0.187158206244931	5.79753955078125	0.070522102760151
6.55200004577637	0.189990227227099	5.8835888671875	0.0718511000741273
6.65199995040894	0.193359373952262	5.98423388671875	0.0729944731574506
6.7519998550415	0.196728520677425	6.08408837890625	0.0745461584301665
6.85200023651123	0.20058594236616	6.19893603515625	0.075762058258988
6.9520001411438	0.204150390345603	6.30566748046875	0.0772181883803569
7.05200004577637	0.207763674552552	6.400818359375	0.0780973859946243
7.15199995040894	0.210839847568423	6.494517578125	0.0795583546278067
7.2519998550415	0.21420897974167	6.59564599609375	0.0805931340437382
7.35200023651123	0.217382810660638	6.69179931640625	0.0820099448901601
7.4520001411438	0.220751957385801	6.7917744140625	0.0830290155136026
7.55200004577637	0.223535156692378	6.87449951171875	0.0841396395117044
7.65199995040894	0.226708987611346	6.9708837890625	0.0852920857141726
7.7519998550415	0.229687502724119	7.05934619140625	0.0865383917698637
7.85200023651123	0.233447266509756	7.16918505859375	0.0879040162544698
7.9520001411438	0.237158208619803	7.2839521484375	0.0892693860805593
8.05200004577637	0.241015630308539	7.388279296875	0.0905878332559951
8.15200042724609	0.244335940806195	7.4837490234375	0.0917783327167854
8.2519998550415	0.247900403337553	7.587451171875	0.0931625909288414
8.35200023651123	0.251123041380197	7.68734326171875	0.0942945916904137
8.45199966430664	0.254296872299165	7.78473828125	0.0954966235440224
8.55200004577637	0.257275387411937	7.87103125	0.0966563820838928
8.65200042724609	0.2606445341371	7.9718193359375	0.0979680553427897
8.7519998550415	0.263769528828561	8.06056982421875	0.0989472246146761
8.85200023651123	0.267285155132413	8.163611328125	0.100493271020241
8.95199966430664	0.270507822278887	8.26273046875	0.10169341112487
9.05200004577637	0.274169928161427	8.369982421875	0.102866171800997
9.15200042724609	0.277490238659084	8.469361328125	0.104196347820107
9.2519998550415	0.281054701190442	8.5745966796875	0.105605875432957
9.35200023651123	0.284228503005579	8.6690517578125	0.10628914606059
9.45199966430664	0.287451170152053	8.763927734375	0.107861756987404
9.55200004577637	0.290185533231124	8.8401064453125	0.108878528408241
9.65200042724609	0.293359364150092	8.9277919921875	0.109930580947548
9.7519998550415	0.296386715490371	9.0112265625	0.110841727291699
9.85200023651123	0.299902341794223	9.1137216796875	0.112188754428644
9.95199966430664	0.303222652291879	9.2070576171875	0.113339548988733
10.0520000457764	0.306738278595731	9.312185546875	0.114711052447092
10.1520004272461	0.309716793708503	9.3982509765625	0.115592556539923
10.2519998550415	0.313232420012355	9.4995654296875	0.116949922812637
10.3520002365112	0.316650402965024	9.5974169921875	0.118208816275001
10.4519996643066	0.320312508847564	9.70198828125	0.119791329780128
10.5520000457764	0.323339831084013	9.7874111328125	0.120613556646276
10.6520004272461	0.326806650264189	9.88416796875	0.12159093603259
10.7519998550415	0.329882808728144	9.9722626953125	0.122782555990852
10.8520002365112	0.333496107487008	10.072974609375	0.12389053881634
10.9519996643066	0.336962897563353	10.1723828125	0.125440710689873
11.0520000457764	0.3406738396734	10.2795947265625	0.126769911730662
11.1520004272461	0.343798834364861	10.365921875	0.127806211821735
11.2519998550415	0.347167981090024	10.4614365234375	0.12915808474645
11.3520002365112	0.350292975781485	10.5468720703125	0.130101572722197
11.4519996643066	0.353759765857831	10.648826171875	0.131356893689372
11.5520000457764	0.356982433004305	10.7363037109375	0.132451110403053
11.6520004272461	0.360498059308156	10.8355029296875	0.133879002532922
11.7519998550415	0.3637206973508	10.9122060546875	0.134737754706293
11.8520002365112	0.367431639460847	11.0054853515625	0.135873662657104
11.9519996643066	0.37080078618601	11.1000185546875	0.13719750859309
12.0520000457764	0.374267576262355	11.200515625	0.138087794766761
12.1520004272461	0.377294927602634	11.2835791015625	0.139398369356059
12.2519998550415	0.380761717678979	11.3842861328125	0.14074333012104
12.3520002365112	0.38388671237044	11.470017578125	0.141845870530233
12.4519996643066	0.387109379516914	11.5638935546875	0.142819873872213
12.5520000457764	0.389941415050998	11.6379794921875	0.143806944834068
12.6520004272461	0.393359368899837	11.736265625	0.14515382645186
12.7519998550415	0.396826158976182	11.8338466796875	0.146026242873631
12.8520002365112	0.400781253119931	11.94246484375	0.147896498674527
12.9519996643066	0.404394522774965	12.0462294921875	0.148782055475749
13.0520000457764	0.408105464885011	12.1485771484375	0.150188250700012
13.1520004272461	0.411328132031485	12.234060546875	0.151269880007021
13.2519998550415	0.414746085880324	12.3328095703125	0.152553693624213
13.3520002365112	0.418066396377981	12.4226455078125	0.153563945787027
13.4519996643066	0.421289063524455	12.5106611328125	0.154743509483524
13.5520000457764	0.424169935286045	12.5874482421875	0.155737536260858
13.6520004272461	0.427294929977506	12.6767412109375	0.156861860887147
13.7519998550415	0.430322252213955	12.7529775390625	0.157929578563198
13.8520002365112	0.434033194324002	12.8549755859375	0.15907445049379
13.9519996643066	0.43759765685536	12.95173046875	0.160505122039467
14.0520000457764	0.4412597627379	13.0517333984375	0.16157134086825
14.1520004272461	0.444433593656868	13.1331611328125	0.162500873557292
14.2519998550415	0.447851576609537	13.226984375	0.163786404300481
14.3520002365112	0.450927735073492	13.3066240234375	0.164998811669648
14.4519996643066	0.454052729764953	13.39370703125	0.165788645972498
14.5520000457764	0.456884765299037	13.46755078125	0.166929501574486
14.6520004272461	0.460156239569187	13.5565048828125	0.168031401699409
14.7519998550415	0.463183590909466	13.63621875	0.169120845384896
14.8520002365112	0.466601573862135	13.7282998046875	0.17004128312692
14.9519996643066	0.469775404781103	13.8128916015625	0.171169638633728
15.0520000457764	0.473486317787319	13.90896875	0.172578540514223
15.1520004272461	0.476855464512482	13.995560546875	0.173501815879717
15.2519998550415	0.480566406622529	14.092765625	0.174622473423369
15.3520002365112	0.483837880892679	14.17885546875	0.17564112204127
15.4519996643066	0.487304700072855	14.271	0.176886154804379
15.5520000457764	0.49023434985429	14.3474052734375	0.17812053556554
15.6520004272461	0.493603525683284	14.43392578125	0.179048234713264
15.7519998550415	0.496777356602252	14.51418359375	0.180182731128298
15.8520002365112	0.500537105835974	14.6170234375	0.181522264028899
15.9519996643066	0.503955059684813	14.7039609375	0.182554984348826
16.0520000457764	0.507519522216171	14.7964677734375	0.183793716132641
16.1520004272461	0.510644516907632	14.8718212890625	0.184805161552504
16.2520008087158	0.51420897943899	14.962794921875	0.185941127710976
16.3519992828369	0.517626933287829	15.04937890625	0.187112833373249
16.4519996643066	0.521093723364174	15.139828125	0.188384379725903
16.5520000457764	0.524072267580777	15.2119091796875	0.189446422155015
16.6520004272461	0.527490221429616	15.29410546875	0.190724909771234
16.7520008087158	0.530566379893571	15.3680927734375	0.191795785212889
16.8519992828369	0.534082006197423	15.455654296875	0.192925857845694
16.9519996643066	0.537451182026416	15.53090234375	0.194210821064189
17.0520000457764	0.54106448078528	15.6199755859375	0.195492466446012
17.1520004272461	0.544140639249235	15.684392578125	0.196880690054968
17.2520008087158	0.547460920643061	15.7581513671875	0.198091394850053
17.3519992828369	0.550537137314677	15.82572265625	0.199168367544189
17.4519996643066	0.554052705410868	15.899841796875	0.200490423594601
17.5520000457764	0.557226536329836	15.964025390625	0.201992777874693
17.6520004272461	0.560742162633687	16.04098046875	0.203367322683334
17.7520008087158	0.564013666007668	16.10375390625	0.204880023375154
17.8519992828369	0.56777341524139	16.182666015625	0.206511103897355
17.9519996643066	0.571240205317736	16.2436103515625	0.207973673241213
18.0520000457764	0.574755831621587	16.3077802734375	0.209864010685124
18.1520004272461	0.577978498768061	16.360900390625	0.211281178053468
18.2520008087158	0.581494125071913	16.42355078125	0.21309225121513
18.3519992828369	0.584667955990881	16.468859375	0.21476685651578
18.4519996643066	0.587841786909848	16.516802734375	0.216279600863345
18.5520000457764	0.590771494898945	16.554017578125	0.217914610402659
18.6520004272461	0.59423828497529	16.609849609375	0.219826470129192
18.7520008087158	0.597656238824129	16.6588046875	0.221686437726021
18.8519992828369	0.601464824285358	16.7161015625	0.223829207243398
18.9519996643066	0.604931614361703	16.75598046875	0.225844400119968
19.0520000457764	0.608300790190697	16.79904296875	0.227960728807375
19.1520004272461	0.611279276199639	16.826755859375	0.229640165343881
19.2520008087158	0.614550779573619	16.858892578125	0.231627738685347
19.3519992828369	0.617675774265081	16.88996484375	0.233569575357251
19.4519996643066	0.620849605184048	16.921830078125	0.235497805988416
19.5520000457764	0.623583968263119	16.939017578125	0.237356623983942
19.6520004272461	0.626708962954581	16.969849609375	0.239419401623309
19.7520008087158	0.629687507171184	16.9925	0.241613786784001
19.8519992828369	0.633447256404907	17.03666015625	0.243925926042721
19.9519996643066	0.637158227618784	17.074701171875	0.246147596044466
20.0520000457764	0.640966813080013	17.115830078125	0.248618802288547
20.1520004272461	0.644238258246332	17.1306484375	0.250816228799522
20.2520008087158	0.64780272077769	17.1568984375	0.253271573456004
20.3519992828369	0.650976551696658	17.171494140625	0.25554295280017
20.4519996643066	0.654199218843132	17.190052734375	0.257743056863546
20.5520000457764	0.657080090604722	17.2011875	0.259716238360852
20.6520004272461	0.660449208226055	17.223587890625	0.262207671767101
20.7520008087158	0.66352536669001	17.23327734375	0.264553760644048
20.8519992828369	0.666992214974016	17.26421484375	0.266905874013901
20.9519996643066	0.670214823912829	17.283337890625	0.269142707111314
21.0520000457764	0.674023409374058	17.311486328125	0.271878234343603
21.1520004272461	0.677441421430558	17.329033203125	0.274405290838331
21.2520008087158	0.681103498209268	17.35325	0.277113955235109
21.3519992828369	0.684375001583248	17.362419921875	0.279424333712086
21.4519996643066	0.687695341184735	17.379009765625	0.28190019656904
21.5520000457764	0.690624990966171	17.37709765625	0.284146139165387
21.6520004272461	0.693896494340152	17.39307421875	0.286605180008337
21.7520008087158	0.696972652804106	17.40289453125	0.288901530439034
21.8519992828369	0.700585951562971	17.427509765625	0.29142273706384
21.9519996643066	0.703808618709445	17.440189453125	0.293808203423396
22.0520000457764	0.70727540878579	17.4576015625	0.296154525130987
22.1520004272461	0.710302731022239	17.465431640625	0.298598170047626
22.2520008087158	0.713867193553597	17.484587890625	0.301256513921544
22.3519992828369	0.717333983629942	17.5014921875	0.303798995446414
22.4519996643066	0.720947282388806	17.51955859375	0.306336936773732
22.5520000457764	0.724072277080268	17.5251953125	0.308777933241799
22.6520004272461	0.727587903384119	17.539236328125	0.311600510030985
22.7520008087158	0.730810570530593	17.546607421875	0.313872267724946
22.8519992828369	0.734472647309303	17.565826171875	0.316470861434937
22.9519996643066	0.738085946068168	17.57996484375	0.319132523145527
23.0520000457764	0.741699244827032	17.599453125	0.322046311339363
23.1520004272461	0.744824239518493	17.5966015625	0.324403838021681
23.2520008087158	0.748144520912319	17.60790234375	0.326948997098953
23.3519992828369	0.751367188058794	17.613529296875	0.329398550093174
23.4519996643066	0.754785141907632	17.626486328125	0.332197814714164
23.5520000457764	0.758056645281613	17.63509765625	0.334527285303921
23.6520004272461	0.761425762902945	17.650787109375	0.337070581736043
23.7520008087158	0.764794938731939	17.6549140625	0.339756545145065
23.8519992828369	0.768457015510648	17.675103515625	0.342493411153555
23.9519996643066	0.771875027567148	17.684919921875	0.345094507792965
24.0520000457764	0.775146472733468	17.693390625	0.347464141668752
24.1520004272461	0.778320303652436	17.694369140625	0.350009999237955
24.2520008087158	0.781689479481429	17.704294921875	0.35278350696899
24.3519992828369	0.78481447417289	17.708947265625	0.355288007995114
24.4519996643066	0.787792960181832	17.710525390625	0.35764736821875
24.5520000457764	0.790624995715916	17.7078984375	0.359888013917953
24.6520004272461	0.794042949564755	17.725744140625	0.362273276550695
24.7520008087158	0.797412125393748	17.7404140625	0.364564912160859
24.8519992828369	0.801220710854977	17.76339453125	0.367455912055448
24.9519996643066	0.804687500931323	17.775884765625	0.370022229617462
25.0520000457764	0.808251963462681	17.78642578125	0.372993876226246
25.1520004272461	0.811376958154142	17.78790625	0.37544869701378
25.2520008087158	0.814794912002981	17.7984453125	0.378076394554228
25.3519992828369	0.818066415376961	17.79937890625	0.380612793378532
25.4519996643066	0.821289082523435	17.80739453125	0.383177946787328
25.5520000457764	0.824218732304871	17.803537109375	0.38550901808776
25.6520004272461	0.827441399451345	17.81159375	0.387799547752365
25.7520008087158	0.830664066597819	17.81702734375	0.390298897400498
25.8519992828369	0.834472652059048	17.840689453125	0.392910558730364
25.9519996643066	0.838232401292771	17.859095703125	0.395528506487608
26.0520000457764	0.841796863824129	17.870224609375	0.398456613766029
26.1520004272461	0.84506836719811	17.870232421875	0.400963181164116
26.2520008087158	0.848437484819442	17.874142578125	0.403513666242361
26.3519992828369	0.851513643283397	17.872123046875	0.406084174755961
26.4519996643066	0.854541023727506	17.874763671875	0.408204068662599
26.5520000457764	0.857421895489097	17.871564453125	0.411041866755113
26.6520004272461	0.860791013110429	17.885654296875	0.413267262047157
26.7520008087158	0.86391600780189	17.8920078125	0.41566661093384
26.8519992828369	0.867382797878236	17.90690625	0.418163457652554
26.9519996643066	0.870703137479722	17.913119140625	0.420667696744204
27.0520000457764	0.874511722940952	17.9358984375	0.423761579440907
27.1520004272461	0.878027349244803	17.94427734375	0.426152575528249
27.2520008087158	0.881640648003668	17.9564921875	0.429160048952326
27.3519992828369	0.884960929397494	17.95956640625	0.431613792898133
27.4519996643066	0.888232432771474	17.958671875	0.434196932474151
27.5520000457764	0.891210918780416	17.955041015625	0.436711154179648
27.6520004272461	0.89443358592689	17.960869140625	0.439325231127441
27.7520008087158	0.897656253073364	17.966765625	0.441798387328163
27.8519992828369	0.901318388059735	17.98452734375	0.444673845777288
27.9519996643066	0.904736341908574	17.990958984375	0.447017489932477
28.0520000457764	0.908154295757413	18.000681640625	0.449927465524524
28.1520004272461	0.911328126676381	17.997146484375	0.452371023129672
28.2520008087158	0.914941425435245	18.01275	0.455356319434941
28.3519992828369	0.918505887966603	18.023064453125	0.457652553450316
28.4519996643066	0.921777333132923	18.025640625	0.4606515285559
28.5520000457764	0.925000000279397	18.024013671875	0.462871015770361
28.6520004272461	0.928320339880884	18.0327109375	0.465855497168377
28.7520008087158	0.931494112592191	18.032048828125	0.468171579996124
28.8519992828369	0.93491212464869	18.0452109375	0.470718456199393
28.9519996643066	0.938330078497529	18.051658203125	0.473215884994715
29.0520000457764	0.941748032346368	18.058935546875	0.476184795843437
29.1520004272461	0.944775412790477	18.053357421875	0.478332280181348
29.2520008087158	0.947949243709445	18.057314453125	0.481025723274797
29.3519992828369	0.9510254021734	18.05740234375	0.483493786305189
29.4519996643066	0.954443356022239	18.0684765625	0.486004893900827
29.5520000457764	0.957617186941206	18.073140625	0.488499470520765
29.6520004272461	0.961035140790045	18.084107421875	0.491122307721525
29.7520008087158	0.964355480391532	18.0905078125	0.493616331368685
29.8519992828369	0.968066393397748	18.108537109375	0.496285792905837
29.9519996643066	0.971533183474094	18.112623046875	0.499241577927023
30.0520000457764	0.974951195530593	18.12061328125	0.501901842653751
30.1520004272461	0.978125026449561	18.11700390625	0.504445866681635
30.2520008087158	0.9815429802984	18.12268359375	0.507232674863189
30.3519992828369	0.984619138762355	18.121193359375	0.509642413817346
30.4519996643066	0.98769529722631	18.11895703125	0.512043421622366
30.5520000457764	0.990478554740548	18.112830078125	0.514425802975893
30.6520004272461	0.993896508589387	18.123984375	0.517229491379112
30.7520008087158	0.997265568003058	18.13368359375	0.519464432727545
30.8519992828369	1.00107421167195	18.155859375	0.522074464242905
30.9519996643066	1.0045898379758	18.16426171875	0.524933566339314
31.0520000457764	1.0081542422995	18.17198046875	0.527790689375252
31.1520004272461	1.01127929519862	18.1676484375	0.530289544258267
31.2520008087158	1.01464847102761	18.174431640625	0.532958831172436
31.3519992828369	1.01787107996643	18.172953125	0.535244587808847
31.4519996643066	1.02114258334041	18.179015625	0.537814514245838
31.5520000457764	1.02392572443932	18.1663984375	0.540431647095829
31.6520004272461	1.02709955535829	18.170921875	0.54275244474411
31.7520008087158	1.03017583023757	18.17333203125	0.545137212611735
31.8519992828369	1.03393557947129	18.192294921875	0.548028445336968
31.9519996643066	1.03759765625	18.209099609375	0.550570490304381
32.0519981384277	1.04135740548372	18.222892578125	0.55345194414258
32.1520004272461	1.04467768687755	18.224826171875	0.55615056771785
32.2519989013672	1.04824220761657	18.2319765625	0.559089996386319
32.3520011901855	1.05146481655538	18.230611328125	0.561565277166665
32.4519996643066	1.05468754190952	18.22856640625	0.56426675291732
32.5519981384277	1.0577148059383	18.223423828125	0.566565082408488
32.6520004272461	1.06118165422231	18.233763671875	0.569374125916511
32.7519989013672	1.06445315759629	18.238255859375	0.571801036130637
32.8520011901855	1.06796878390014	18.2491796875	0.574602920096368
32.9519996643066	1.07138673774898	18.254474609375	0.577308761421591
33.0519981384277	1.07504881452769	18.2662109375	0.580156280193478
33.1520004272461	1.0785156628117	18.27130078125	0.582970504183322
33.2519989013672	1.08193361666054	18.27627734375	0.585692876484245
33.3520011901855	1.08520512003452	18.274330078125	0.58839243138209
33.4519996643066	1.08833005651832	18.271783203125	0.590809504501522
33.5519981384277	1.09125976450741	18.263876953125	0.593203876633197
33.6520004272461	1.09448237344623	18.267607421875	0.595930847339332
33.7519989013672	1.09765620436519	18.268947265625	0.598335114773363
33.8520011901855	1.10126950312406	18.285546875	0.600975297857076
33.9519996643066	1.10463867895305	18.290123046875	0.603633932769299
34.0519981384277	1.10805663280189	18.293453125	0.606272544246167
34.1520004272461	1.11118168570101	18.2950078125	0.608733505941927
34.2519989013672	1.11479486804456	18.3085390625	0.611573632340878
34.3520011901855	1.11831049434841	18.314451171875	0.614328018855304
34.4519996643066	1.12163089215755	18.314208984375	0.616784149315208
34.5519981384277	1.12475582864136	18.31049609375	0.619390280917287
34.6520004272461	1.1280762264505	18.31425390625	0.621977960690856
34.7519989013672	1.13125005736947	18.311734375	0.624589622020721
34.8520011901855	1.134765567258	18.323330078125	0.627248082309961
34.9519996643066	1.13818363752216	18.3291171875	0.629984133411199
35.0519981384277	1.14165036939085	18.336453125	0.632647541351616
35.1520004272461	1.1447265278548	18.33223046875	0.635131844319403
35.2519989013672	1.14799803122878	18.334654296875	0.637819874100387
35.3520011901855	1.15117186214775	18.332583984375	0.640341255348176
35.4519996643066	1.15454103797674	18.339533203125	0.643009669147432
35.5519981384277	1.15781254135072	18.341626953125	0.645524240098894
35.6520004272461	1.16123049519956	18.349109375	0.648142071440816
35.7519989013672	1.16445310413837	18.34943359375	0.650566129479557
35.8520011901855	1.16801762487739	18.362990234375	0.653308467008173
35.9519996643066	1.17133790627122	18.3632578125	0.65575708867982
36.0519981384277	1.17465818766505	18.367783203125	0.658866891171783
36.1520004272461	1.17768556810915	18.36082421875	0.661198107991368
36.2519989013672	1.18105474393815	18.367986328125	0.663774961140007
36.3520011901855	1.18408200796694	18.36415625	0.666223233565688
36.4519996643066	1.1872558388859	18.365380859375	0.668583496008068
36.5519981384277	1.19008787441999	18.35855859375	0.67105470225215
36.6520004272461	1.19355472270399	18.371775390625	0.673443370033056
36.7519989013672	1.19702145457268	18.381173828125	0.676321040373296
36.8520011901855	1.20097654871643	18.401283203125	0.678972690366209
36.9519996643066	1.20458984747529	18.409376953125	0.681820092722774
37.0519981384277	1.20830081868917	18.41792578125	0.684725062455982
37.1520004272461	1.21152342762798	18.414724609375	0.68751018261537
37.2519989013672	1.21494138147682	18.414025390625	0.689993787091225
37.3520011901855	1.21826166287065	18.412291015625	0.692825415171683
37.4519996643066	1.22143549378961	18.41635546875	0.69543591234833
37.5519981384277	1.2242675293237	18.40217578125	0.698152289260179
37.6520004272461	1.22744136024266	18.406640625	0.700413424056023
37.7519989013672	1.23056641314179	18.404732421875	0.702876655850559
37.8520011901855	1.23442383483052	18.4249921875	0.705541169736534
37.9519996643066	1.2381348060444	18.439021484375	0.708407140336931
38.0519981384277	1.24174810480326	18.443982421875	0.711285334546119
38.1520004272461	1.24511716421694	18.442552734375	0.714097404852509
38.2519989013672	1.24858401250094	18.444716796875	0.716934038791806
38.3520011901855	1.25180662143975	18.4438671875	0.71979477070272
38.4519996643066	1.25488277990371	18.438986328125	0.722191471140832
38.5519981384277	1.25791016034782	18.433857421875	0.724771351087838
38.6520004272461	1.26123044174165	18.441427734375	0.727630453184247
38.7519989013672	1.26435549464077	18.43922265625	0.729676685295999
38.8520011901855	1.26777344848961	18.44580859375	0.732702494133264
38.9519996643066	1.27109372988343	18.44846875	0.735093432012945
39.0519981384277	1.27480470109731	18.466912109375	0.737914873752743
39.1520004272461	1.27827143296599	18.468220703125	0.740902323741466
39.2519989013672	1.28183595370501	18.475119140625	0.743608397897333
39.3520011901855	1.28520512953401	18.4751875	0.746373785659671
39.4519996643066	1.28842773847282	18.47583984375	0.749143015127629
39.5519981384277	1.29145511891693	18.46640625	0.751448562368751
39.6520004272461	1.29472650587559	18.468474609375	0.754144974052906
39.7519989013672	1.29809568170458	18.47078125	0.756822701077908
39.8520011901855	1.30170898046345	18.48355078125	0.759690010454506
39.9519996643066	1.30512693431228	18.487822265625	0.762198935262859
40.0519981384277	1.30839843768626	18.484947265625	0.764865661039948
40.1520004272461	1.31157226860523	18.482150390625	0.767363817431033
40.2519989013672	1.31499022245407	18.487724609375	0.76983543112874
40.3520011901855	1.31835939828306	18.49354296875	0.772752508055419
40.4519996643066	1.32153322920203	18.48871875	0.775261200033128
40.5519981384277	1.32446293719113	18.480169921875	0.777841021772474
40.6520004272461	1.32768554612994	18.48372265625	0.780303846113384
40.7519989013672	1.33066403213888	18.486798828125	0.782967428676784
40.8520011901855	1.33413088042289	18.496484375	0.785666867159307
40.9519996643066	1.33740238379687	18.497748046875	0.788304605521262
41.0519981384277	1.34101568255574	18.50925390625	0.79084892058745
41.1520004272461	1.34399416856468	18.50403125	0.793399813119322
41.2519989013672	1.3473144499585	18.5059765625	0.796303851529956
41.3520011901855	1.35039060842246	18.502705078125	0.798520573880523
41.4519996643066	1.35385745670646	18.511935546875	0.801393296569586
41.5519981384277	1.35708006564528	18.513134765625	0.804035225883126
41.6520004272461	1.36059569194913	18.517341796875	0.806810217909515
41.7519989013672	1.36386719532311	18.5198671875	0.809368910267949
41.8520011901855	1.36762694455683	18.53621875	0.812030164524913
41.9519996643066	1.37104489840567	18.534580078125	0.814869534224272
42.0519981384277	1.37460941914469	18.539267578125	0.817759602796286
42.1520004272461	1.37778325006366	18.5322265625	0.820251938421279
42.2519989013672	1.38134765438735	18.54576953125	0.8230124367401
42.3520011901855	1.38457026332617	18.541634765625	0.825644819997251
42.4519996643066	1.3877929886803	18.53819140625	0.828350719530135
42.5519981384277	1.3907226966694	18.5309765625	0.830861099530011
42.6520004272461	1.39423832297325	18.5396015625	0.83356152754277
42.7519989013672	1.39780272729695	18.54981640625	0.836396822705865
42.8520011901855	1.40161137096584	18.561734375	0.839257147163153
42.9519996643066	1.40517577528954	18.566119140625	0.842000532429665
43.0519981384277	1.40854495111853	18.568970703125	0.845000031404197
43.1520004272461	1.41162110958248	18.55646875	0.847557210363448
43.2519989013672	1.41489261295646	18.555208984375	0.850379932671785
43.3520011901855	1.41811522189528	18.551279296875	0.852822326123714
43.4519996643066	1.42128905281425	18.556552734375	0.855468795634806
43.5519981384277	1.42412108834833	18.543669921875	0.857928418554366
43.6520004272461	1.4272949192673	18.5467421875	0.860807369463146
43.7519989013672	1.43041997216642	18.5449375	0.86313346400857
43.8520011901855	1.434326171875	18.5689140625	0.86598057532683
43.9519996643066	1.43818359356374	18.58262109375	0.868952949531376
44.0519981384277	1.44189456477761	18.59380078125	0.872050935868174
44.1520004272461	1.44531251862645	18.585458984375	0.874651770573109
44.2519989013672	1.4488281449303	18.59108203125	0.877430255059153
44.3520011901855	1.45209964830428	18.586361328125	0.880110601428896
44.4519996643066	1.45512691233307	18.57777734375	0.882811611518264
44.5519981384277	1.45815429277718	18.569498046875	0.885555287823081
44.6520004272461	1.46142579615116	18.576119140625	0.888143025804311
44.7519989013672	1.46459962707013	18.5727109375	0.89068355737254
44.8520011901855	1.46806635893881	18.578890625	0.893365242518485
44.9519996643066	1.47148442920297	18.585572265625	0.896057346835732
45.0519981384277	1.47514650598168	18.597376953125	0.89883228065446
45.1520004272461	1.47866213228554	18.59596484375	0.90170162729919
45.2519989013672	1.48212886415422	18.598728515625	0.904633663594723
45.3520011901855	1.48544926196337	18.596076171875	0.907352368813008
45.4519996643066	1.48852542042732	18.591294921875	0.909806985873729
45.5519981384277	1.49145512841642	18.58338671875	0.912378949578851
45.6520004272461	1.49462895933539	18.584271484375	0.914969423320144
45.7519989013672	1.49780279025435	18.58296484375	0.917473633307964
45.8520011901855	1.50131841655821	18.59166015625	0.92011404922232
45.9519996643066	1.50449213106185	18.591556640625	0.922641833312809
46.0519981384277	1.50776363443583	18.593419921875	0.925382832065225
46.1520004272461	1.51083979289979	18.5890390625	0.927996879909188
46.2519989013672	1.51440431363881	18.59882421875	0.930508133023977
46.3520011901855	1.51787104550749	18.6043125	0.933504139538854
46.4519996643066	1.52128911577165	18.608203125	0.936117197852582
46.5519981384277	1.52441405225545	18.605314453125	0.938816170673817
46.6520004272461	1.5279296785593	18.609861328125	0.941480102483183
46.7519989013672	1.53115228749812	18.60913671875	0.944315106607974
46.8520011901855	1.53476558625698	18.616416015625	0.946977059356868
46.9519996643066	1.538330106996	18.622525390625	0.94972737133503
47.0519981384277	1.54184573329985	18.624560546875	0.952570815570652
47.1520004272461	1.54497066978365	18.61930078125	0.955248600803316
47.2519989013672	1.54819339513779	18.61741015625	0.95772318309173
47.3520011901855	1.55131833162159	18.615001953125	0.960430596023798
47.4519996643066	1.55468750745058	18.618716796875	0.96317456336692
47.5519981384277	1.55791011638939	18.618591796875	0.96577376825735
47.6520004272461	1.56123051419854	18.623052734375	0.968346081208438
47.7519989013672	1.56445312313735	18.620349609375	0.970894296187907
47.8520011901855	1.56806642189622	18.63180859375	0.973891990724951
47.9519996643066	1.5715331537649	18.633681640625	0.976500625256449
48.0519981384277	1.57485355157405	18.637267578125	0.979403266683221
48.1520004272461	1.57797848805785	18.62775390625	0.98203809466213
48.2519989013672	1.58139644190669	18.63403515625	0.984999700449407
48.3520011901855	1.58452149480581	18.63005078125	0.987384817562997
48.4519996643066	1.58769532572478	18.628140625	0.990139436908066
48.5519981384277	1.59052736125886	18.619353515625	0.992556218989193
48.6520004272461	1.59399409312755	18.6283359375	0.995377078652382
48.7519989013672	1.59736326895654	18.634884765625	0.99802715703845
48.8520011901855	1.60122069064528	18.650474609375	1.00067013408989
48.9519996643066	1.60483398940414	18.6577734375	1.00396038033068
49.0519981384277	1.60834961570799	18.658892578125	1.00659648887813
49.1520004272461	1.61147455219179	18.653677734375	1.00923783611506
49.2519989013672	1.61489262245595	18.651177734375	1.01218663621694
49.3520011901855	1.61826168186963	18.653873046875	1.01502577308565
49.4519996643066	1.62153318524361	18.650451171875	1.0177178774029
49.5519981384277	1.6244628932327	18.640671875	1.02054921444505
49.6520004272461	1.62768550217152	18.64285546875	1.02302373852581
49.7519989013672	1.63090822752565	18.637560546875	1.02562911342829
49.8520011901855	1.63476564921439	18.65701171875	1.02876138407737
49.9519996643066	1.63852539844811	18.671265625	1.03127304464579
50.0519981384277	1.64199213031679	18.6687265625	1.0342241730541
50.1520004272461	1.64521485567093	18.6626015625	1.03668740484864
50.2519989013672	1.64853513706475	18.660779296875	1.0397273581475
50.3520011901855	1.65161129552871	18.65699609375	1.04232796002179
50.4519996643066	1.65463867597282	18.651365234375	1.04508968070149
50.5519981384277	1.6574707115069	18.641552734375	1.04730762541294
50.6520004272461	1.66079099290073	18.642904296875	1.05020101182163
50.7519989013672	1.66386715136468	18.64446875	1.05257681570947
50.8520011901855	1.66738277766854	18.655240234375	1.05539022479206
50.9519996643066	1.67065428104252	18.65504296875	1.05809280648828
51.0519981384277	1.67441403027624	18.668896484375	1.06078188400716
51.1520004272461	1.67792965658009	18.669041015625	1.06355745811015
51.2519989013672	1.68154295533895	18.6756875	1.0665770387277
51.3520011901855	1.68486323673278	18.67741796875	1.06907577719539
51.4519996643066	1.68808596208692	18.671751953125	1.07196683529764
51.5519981384277	1.69101567007601	18.6625390625	1.07451633084565
51.6520004272461	1.69428705703467	18.66165234375	1.07729446608573
51.7519989013672	1.69746088795364	18.6598828125	1.07974489219487
51.8520011901855	1.70112308114767	18.6687265625	1.08270882628858
51.9519996643066	1.7044433625415	18.671482421875	1.08541292138398
52.0519981384277	1.70786131639034	18.673841796875	1.0881315683946
52.1520004272461	1.7110351473093	18.671171875	1.09075172804296
52.2519989013672	1.71464844606817	18.679611328125	1.09358574263752
52.3520011901855	1.71816407237202	18.682708984375	1.09639181755483
52.4519996643066	1.72153324820101	18.68166015625	1.09903665725142
52.5519981384277	1.72470707911998	18.677912109375	1.10172212589532
52.6520004272461	1.72807613853365	18.678681640625	1.10460829455405
52.7519989013672	1.73124996945262	18.6768046875	1.10725220292807
52.8520011901855	1.73466792330146	18.680142578125	1.11002544872463
52.9519996643066	1.73808599356562	18.687271484375	1.11254525836557
53.0519981384277	1.7415527254343	18.693041015625	1.11551501322538
53.1520004272461	1.74453121144325	18.6817109375	1.11825356725603
53.2519989013672	1.74775393679738	18.68271484375	1.12057279329747
53.3520011901855	1.75078120082617	18.674080078125	1.1235069250688
53.4519996643066	1.75429682713002	18.683017578125	1.12630508374423
53.5519981384277	1.75751955248415	18.682646484375	1.12892535980791
53.6520004272461	1.76103517878801	18.690306640625	1.13170314580202
53.7519989013672	1.764404354617	18.69046484375	1.13447022158653
53.8520011901855	1.76816410385072	18.704130859375	1.13746931310743
53.9519996643066	1.77177728619426	18.70712890625	1.14045350346714
54.0519981384277	1.77519535645843	18.706693359375	1.14344852045178
54.1520004272461	1.77846674341708	18.6994921875	1.14604469854385
54.2519989013672	1.78183591924608	18.7014609375	1.14905193913728
54.3520011901855	1.78500975016505	18.6960859375	1.15137698594481
54.4519996643066	1.788085908629	18.69364453125	1.15434965118766
54.5519981384277	1.79096683859825	18.68091796875	1.15676247514784
54.6520004272461	1.79438479244709	18.6872265625	1.15971371997148
54.7519989013672	1.79785152431577	18.69284375	1.16198323667049
54.8520011901855	1.8016112735495	18.705267578125	1.16522726602852
54.9519996643066	1.80517579428852	18.7101328125	1.16855662781745
55.0519981384277	1.80859374813735	18.71123046875	1.17100786883384
55.1520004272461	1.81176757905632	18.70295703125	1.1739213950932
55.2519989013672	1.81508786045015	18.702515625	1.17667415179312
55.3520011901855	1.81835936382413	18.70255078125	1.17920769844204
55.4519996643066	1.82148441672325	18.69585546875	1.18195207323879
55.5519981384277	1.82431645225734	18.68671875	1.18455255869776
55.6520004272461	1.82744138874114	18.686095703125	1.18722161278129
55.7519989013672	1.83046876918525	18.681041015625	1.18965329602361
55.8520011901855	1.83422851841897	18.6991953125	1.192492316477
55.9519996643066	1.83789059519768	18.7074921875	1.1953798821196
56.0519981384277	1.84155278839171	18.714505859375	1.19845289736986
56.1520004272461	1.84482417535037	18.711765625	1.20085699018091
56.2519989013672	1.84829102363437	18.715091796875	1.20399869047105
56.3520011901855	1.85151363257319	18.707837890625	1.20678439270705
56.4519996643066	1.85468746349216	18.705705078125	1.20916194282472
56.5519981384277	1.85771484393626	18.69525	1.21173309162259
56.6520004272461	1.86108401976526	18.7001953125	1.21458782814443
56.7519989013672	1.86430662870407	18.6974765625	1.21701753232628
56.8520011901855	1.86782225500792	18.707498046875	1.21983548160642
56.9519996643066	1.87119143083692	18.706748046875	1.22270383872092
57.0519981384277	1.87485350761563	18.717427734375	1.22562737669796
57.1520004272461	1.87827146146446	18.716875	1.22830003965646
57.2519989013672	1.8816894153133	18.72078515625	1.23118341434747
57.3520011901855	1.88491214066744	18.716115234375	1.23398494906723
57.4519996643066	1.88803707715124	18.70960546875	1.23652932234108
57.5519981384277	1.89091800712049	18.698751953125	1.23920757323503
57.6520004272461	1.89409183803946	18.699875	1.24172435607761
57.7519989013672	1.89716799650341	18.696080078125	1.24432763550431
57.8520011901855	1.90078129526228	18.709529296875	1.24716677237302
57.9519996643066	1.9041015766561	18.711193359375	1.24996469821781
58.0519981384277	1.90756830852479	18.719205078125	1.25265039969236
58.1520004272461	1.91064458340406	18.714333984375	1.25524739269167
58.2519989013672	1.91430666018277	18.72088671875	1.25806371215731
58.3520011901855	1.91777339205146	18.7287265625	1.26102927606553
58.4519996643066	1.92124024033546	18.727412109375	1.26365898177028
58.5519981384277	1.92431639879942	18.72233203125	1.26644584815949
58.6520004272461	1.92773435264826	18.724705078125	1.26941141206771
58.7519989013672	1.93085940554738	18.7198671875	1.27222144510597
58.8520011901855	1.93437503185123	18.725984375	1.27498677466065
58.9519996643066	1.93784176371992	18.727208984375	1.2778613017872
59.0519981384277	1.94145506247878	18.734685546875	1.28068716730922
59.1520004272461	1.9445801153779	18.725060546875	1.28347252029926
59.2519989013672	1.94790039677173	18.726720703125	1.28633959684521
59.3520011901855	1.95112300571054	18.721587890625	1.28910993225873
59.4519996643066	1.95463863201439	18.7259765625	1.29205617122352
59.5519981384277	1.95795902982354	18.725291015625	1.29477144218981
59.6520004272461	1.96137698367238	18.728263671875	1.2976435245946
59.7519989013672	1.96469738148153	18.7262890625	1.3003961648792
59.8520011901855	1.96835934184492	18.7351875	1.30358268506825
59.9519996643066	1.97172840125859	18.729921875	1.3062598882243
60.0519981384277	1.97499990463257	18.73526171875	1.30901939701289
60.1520004272461	1.97807606309652	18.725994140625	1.31194095592946
60.2519989013672	1.98144535534084	18.7268515625	1.31483981385827
60.3520011901855	1.98447261936963	18.721388671875	1.31713890004903
60.4519996643066	1.98759767226875	18.71536328125	1.31986988708377
60.5519981384277	1.99042959138751	18.70655859375	1.32238527294248
60.6520004272461	1.99389643967152	18.71598046875	1.32497411686927
60.7519989013672	1.99736328795552	18.7219375	1.32801663130522
60.8520011901855	2.0012694876641	18.73362109375	1.3307724148035
60.9519996643066	2.00493168085814	18.741607421875	1.33389024995267
61.0519981384277	2.00849608518183	18.74337109375	1.3366867788136
61.1520004272461	2.01167003251612	18.736205078125	1.33945851121098
61.2519989013672	2.01499019749463	18.7336328125	1.34247599635273
61.3520011901855	2.01826170086861	18.72721484375	1.34515727404505
61.4519996643066	2.0214356482029	18.72412109375	1.34803785476834
61.5519981384277	2.02426756732166	18.710498046875	1.35035591665655
61.6520004272461	2.02739262022078	18.71393359375	1.35301100090146
61.7519989013672	2.03046877868474	18.709224609375	1.35576084721833
61.8520011901855	2.03427742235363	18.72351171875	1.35862489696592
61.9519996643066	2.03798827715218	18.73765234375	1.36121269315481
62.0519981384277	2.04165047034621	18.7449921875	1.36433087754995
62.1520004272461	2.04492197372019	18.7388203125	1.36721832677722
62.2519989013672	2.04838858917356	18.738544921875	1.36996828950942
62.3520011901855	2.05156253650784	18.7303984375	1.373051549308
62.4519996643066	2.0546386949718	18.72366015625	1.37544132303447
62.5519981384277	2.0575684029609	18.7170859375	1.37815182097256
62.6520004272461	2.06083990633488	18.7192578125	1.38057116419077
62.7519989013672	2.06391606479883	18.713896484375	1.38306815642864
62.8520011901855	2.06738291308284	18.7215546875	1.38623954262584
62.9519996643066	2.07065418362617	18.72306640625	1.38863048050553
63.0519981384277	2.07436527125537	18.73691015625	1.39169744215906
63.1520004272461	2.07778322510421	18.735818359375	1.39447546098381
63.2519989013672	2.08139652386308	18.745357421875	1.39732495881617
63.3520011901855	2.08471668884158	18.736376953125	1.40007631853223
63.4519996643066	2.08803708665073	18.739818359375	1.40305259265006
63.5519981384277	2.09101568907499	18.72909375	1.40529114287347
63.6520004272461	2.09438474848866	18.732796875	1.40839884988964
63.7519989013672	2.09765625186265	18.7277734375	1.41125300433487
63.8520011901855	2.1013671066612	18.74351171875	1.41412508673966
63.9519996643066	2.10478506051004	18.741123046875	1.4168310444802
64.052001953125	2.10815435275435	18.739630859375	1.42002862412483
64.1520004272461	2.11127940565348	18.731458984375	1.42246368341148
64.2519989013672	2.11479491554201	18.739443359375	1.42542808316648
64.3519973754883	2.11816397495568	18.7414296875	1.4281157637015
64.4520034790039	2.12143547832966	18.7378359375	1.43098062835634
64.552001953125	2.12446297518909	18.72821875	1.43376679625362
64.6520004272461	2.12778314016759	18.7301796875	1.43669371027499
64.7519989013672	2.13090819306672	18.72508984375	1.43936683889478
64.8519973754883	2.13437504135072	18.732255859375	1.44203111995012
64.9520034790039	2.13779299519956	18.73388671875	1.44493079278618
65.052001953125	2.14135739952326	18.740595703125	1.44776969682425
65.1520004272461	2.14433600194752	18.7312578125	1.45046343095601
65.2519989013672	2.1476075053215	18.732083984375	1.45317194983363
65.3519973754883	2.15068366378546	18.725171875	1.45603914279491
65.4520034790039	2.15415027923882	18.73724609375	1.45879003684968
65.552001953125	2.15732422657311	18.72857421875	1.46129657514393
65.6520004272461	2.16069328598678	18.731212890625	1.46410870365798
65.7519989013672	2.16386723332107	18.7300703125	1.46679452154785
65.8519973754883	2.16757808811963	18.73986328125	1.46981200668961
65.9520034790039	2.17094738036394	18.737560546875	1.47264555562288
66.052001953125	2.1744139958173	18.742654296875	1.47541204933077
66.1520004272461	2.17749015428126	18.7339609375	1.4781589852646
66.2519989013672	2.18100589700043	18.738892578125	1.48072559386492
66.3519973754883	2.18413094989955	18.730369140625	1.48350629024208
66.4520034790039	2.18735355883837	18.730498046875	1.48648954927921
66.552001953125	2.1902343723923	18.71788671875	1.48886721581221
66.6520004272461	2.1937012206763	18.727658203125	1.49165512993932
66.7519989013672	2.19716806896031	18.732623046875	1.49451673496515
66.8519973754883	2.20102537423372	18.747029296875	1.49750744458288
66.9520034790039	2.2045411169529	18.74453515625	1.50020571891218
67.052001953125	2.20805662684143	18.746767578125	1.503408071585
67.1520004272461	2.21103522926569	18.736712890625	1.50602089706808
67.2519989013672	2.21435539424419	18.73266015625	1.50875526014715
67.3519973754883	2.21748044714332	18.730474609375	1.51142035610974
67.4520034790039	2.2207519505173	18.730927734375	1.51422596536577
67.552001953125	2.22353520803154	18.720521484375	1.51671201456338
67.6520004272461	2.22675781697035	18.7210546875	1.51951587758958
67.7519989013672	2.22978508099914	18.71883984375	1.52208714280277
67.8519973754883	2.23364261910319	18.731400390625	1.52509717736393
67.9520034790039	2.23745126277208	18.7455390625	1.52788264676929
68.052001953125	2.2413085680455	18.75941015625	1.53114716522396
68.1520004272461	2.24472652189434	18.752712890625	1.53383589349687
68.2519989013672	2.24829092621803	18.756607421875	1.53680506628007
68.3519973754883	2.25156242959201	18.74656640625	1.5397242968902
68.4520034790039	2.25463858805597	18.74048828125	1.54236052185297
68.552001953125	2.25761719048023	18.7313984375	1.54512259177864
68.6520004272461	2.2609862498939	18.7325859375	1.54786568600684
68.7519989013672	2.26411130279303	18.728716796875	1.55075371731073
68.8519973754883	2.26757815107703	18.734513671875	1.55345804523677
68.9520034790039	2.2709472104907	18.73799609375	1.55619333963841
69.052001953125	2.27470695972443	18.7468125	1.55929860193282
69.1520004272461	2.27817380800843	18.747142578125	1.56228814739734
69.2519989013672	2.2817871067673	18.75299609375	1.56531727407128
69.3519973754883	2.28515616618097	18.748	1.56820320989937
69.4520034790039	2.28833011351526	18.741111328125	1.57098297495395
69.552001953125	2.29125982150435	18.729109375	1.573545509018
69.6520004272461	2.29453132487833	18.7303203125	1.57659372780472
69.7519989013672	2.29770503938198	18.725876953125	1.57921016216278
69.8519973754883	2.30122078210115	18.734158203125	1.58189155627042
69.9520034790039	2.30449228547513	18.7317890625	1.58495630603284
70.052001953125	2.30781245045364	18.733435546875	1.58781826030463
70.1520004272461	2.31088860891759	18.729626953125	1.59042084123939
70.2519989013672	2.31450190767646	18.737666015625	1.59352773334831
70.3519973754883	2.31796875596046	18.73963671875	1.59625173546374
70.4520034790039	2.3213867098093	18.742546875	1.59919878933579
70.552001953125	2.32460931874812	18.734998046875	1.60203292034566
70.6520004272461	2.32807616703212	18.740009765625	1.60502200014889
70.7519989013672	2.3313476704061	18.734419921875	1.60771608352661
70.8519973754883	2.3349120747298	18.73971484375	1.61052111070603
70.9520034790039	2.3384764790535	18.74455078125	1.61361158825457
71.052001953125	2.3419433273375	18.74510546875	1.61641172599047
71.1520004272461	2.34506838023663	18.730556640625	1.61915144417435
71.2519989013672	2.34824209474027	18.728505859375	1.62189709953964
71.3519973754883	2.35136714763939	18.7243203125	1.62466673646122
71.4520034790039	2.35468754544854	18.725837890625	1.627535559237
71.552001953125	2.35791015438735	18.723314453125	1.63000088650733
71.6520004272461	2.36127921380103	18.726994140625	1.63295690435916
71.7519989013672	2.36450205557048	18.72401953125	1.6357225831598
71.8519973754883	2.3681151214987	18.73087890625	1.63863133639097
71.9520034790039	2.37153330817819	18.731439453125	1.64146744646132
72.052001953125	2.37485347315669	18.732826171875	1.64425256662071
72.1520004272461	2.37797852605581	18.726314453125	1.64684117771685
72.2519989013672	2.38139647990465	18.7262109375	1.64972932543606
72.3519973754883	2.38447263836861	18.719302734375	1.65244680829346
72.4520034790039	2.3876465857029	18.720931640625	1.65515963453799
72.552001953125	2.39052739925683	18.709916015625	1.65765662677586
72.6520004272461	2.39394535310566	18.71838671875	1.66052137501538
72.7519989013672	2.3973633069545	18.724873046875	1.66331278160214
72.8519973754883	2.40117195062339	18.73830859375	1.6664257273078
72.9520034790039	2.40478524938226	18.738609375	1.66933634318411
73.052001953125	2.40834965370595	18.74466015625	1.67241448070854
73.1520004272461	2.41147470660508	18.737298828125	1.67491845786572
73.2519989013672	2.41489266045392	18.734044921875	1.67779321782291
73.3519973754883	2.4181641638279	18.73046484375	1.68066192418337
73.4520034790039	2.42143543437123	18.7324453125	1.68345705606043
73.552001953125	2.42436514236033	18.7182734375	1.68609200045466
73.6520004272461	2.42758798412979	18.7203984375	1.68876221869141
73.7519989013672	2.4308105930686	18.72022265625	1.69160147197545
73.8519973754883	2.43461923673749	18.73380859375	1.69496121816337
73.9520034790039	2.43837898597121	18.74340625	1.69785623438656
74.052001953125	2.44189449585974	18.7452890625	1.7005157424137
74.1520004272461	2.44511710479856	18.740759765625	1.70348619576544
74.2519989013672	2.44848639704287	18.7406328125	1.70660787262022
74.3519973754883	2.45156255550683	18.7276328125	1.70920579694211
74.4520034790039	2.45458981953561	18.72239453125	1.71199277974665
74.552001953125	2.45751952752471	18.710951171875	1.71475089155138
74.6520004272461	2.46088858693838	18.717970703125	1.71753542963415
74.7519989013672	2.4640136398375	18.71582421875	1.72018411103636
74.8519973754883	2.46748048812151	18.721375	1.72311963979155
74.9520034790039	2.47089844197035	18.728404296875	1.72560405917466
75.052001953125	2.47475574724376	18.744125	1.72904995270073
75.1520004272461	2.47827148996294	18.74244140625	1.73213903326541
75.2519989013672	2.4818847887218	18.7457265625	1.73504278063774
75.3519973754883	2.48525384813547	18.74060546875	1.738146180287
75.4520034790039	2.48842779546976	18.7338046875	1.7410428263247
75.552001953125	2.49145505949855	18.720802734375	1.74407637678087
75.6520004272461	2.49467766843736	18.719244140625	1.74674740992486
75.7519989013672	2.49785161577165	18.71612890625	1.7493317136541
75.8519973754883	2.50141602009535	18.725083984375	1.75229250453413
75.9520034790039	2.50478507950902	18.72298046875	1.75509823020548
76.052001953125	2.50810547731817	18.72336328125	1.7579736886546
76.1520004272461	2.51123053021729	18.7139140625	1.76068628206849
76.2519989013672	2.51479493454099	18.722908203125	1.76387664396316
76.3519973754883	2.51826178282499	18.723009765625	1.76665687467903
76.4520034790039	2.52153328619897	18.7207421875	1.76962604746222
76.552001953125	2.52465810626745	18.71308984375	1.77237286698073
76.6520004272461	2.52792960964143	18.712908203125	1.77513563539833
76.7519989013672	2.53100576810539	18.70571875	1.77788874134421
76.8519973754883	2.53442372195423	18.71225390625	1.78049725946039
76.9520034790039	2.53774411976337	18.7125	1.78346841130406
77.052001953125	2.54121096804738	18.717380859375	1.78651127498597
77.1520004272461	2.54414067603648	18.70487109375	1.78895448334515
77.2519989013672	2.54736328497529	18.707017578125	1.79185776505619
77.3519973754883	2.55039054900408	18.701919921875	1.794493640773
77.4520034790039	2.55390629172325	18.708859375	1.79732346441597
77.552001953125	2.5570800062269	18.70716796875	1.80012709461153
77.6520004272461	2.56064464338124	18.7163828125	1.80297915358096
77.7519989013672	2.56396480835974	18.71191015625	1.80572306271642
77.8519973754883	2.56777345202863	18.725373046875	1.80874741636217
77.9520034790039	2.57133785635233	18.72699609375	1.81163637898862
78.052001953125	2.5748535990715	18.72685546875	1.81492592673749
78.1520004272461	2.57802731357515	18.719228515625	1.81771127972752
78.2519989013672	2.58149416185915	18.72406640625	1.82053144089878
78.3519973754883	2.58461921475828	18.714345703125	1.82378257159144
78.4520034790039	2.58774403482676	18.71040234375	1.8263217061758
78.552001953125	2.59057618677616	18.6980859375	1.82865257374942
78.6520004272461	2.59404303506017	18.703611328125	1.83145853225142
78.7519989013672	2.59746098890901	18.71054296875	1.83451687917113
78.8519973754883	2.6012696325779	18.723154296875	1.83761911466718
78.9520034790039	2.60483403690159	18.723443359375	1.84069899842143
79.052001953125	2.60839844122529	18.728927734375	1.84379157144576
79.1520004272461	2.61152349412441	18.7211328125	1.84651196468621
79.2519989013672	2.61489255353808	18.7168828125	1.84952188283205
79.3519973754883	2.61816405691206	18.714427734375	1.85225089080632
79.4520034790039	2.62138666585088	18.709533203125	1.85531517490745
79.552001953125	2.62426747940481	18.69786328125	1.85799144674093
79.6520004272461	2.6274414267391	18.6985078125	1.860894379206
79.7519989013672	2.63051758520305	18.692705078125	1.86344084795564
79.8519973754883	2.63432622887194	18.709916015625	1.86649477109313
79.9520034790039	2.63808597810566	18.716984375	1.86951248906553
80.052001953125	2.64174793846905	18.73015234375	1.87271845061332
80.1520004272461	2.64511723071337	18.724408203125	1.87582522630692
80.2519989013672	2.6486327406019	18.724388671875	1.87885365448892
80.3519973754883	2.65190424397588	18.71662890625	1.88177370000631
80.4520034790039	2.65498040243983	18.711064453125	1.88470038119704
80.552001953125	2.65810545533895	18.703625	1.88757281284779
80.6520004272461	2.66147451475263	18.704193359375	1.89039076212794
80.7519989013672	2.66474601812661	18.69915625	1.89319264609367
80.8519973754883	2.66821286641061	18.70226171875	1.89617858268321
80.9520034790039	2.67167971469462	18.705685546875	1.89919164404273
81.052001953125	2.67529301345348	18.71148828125	1.90217059571296
81.1520004272461	2.67875986173749	18.71091015625	1.90503871999681
81.2519989013672	2.68208002671599	18.710365234375	1.9081988139078
81.3519973754883	2.68535153008997	18.7031796875	1.91082817036659
81.4520034790039	2.68837879411876	18.696564453125	1.91384903155267
81.552001953125	2.69125984050333	18.683732421875	1.91634218208492
81.6520004272461	2.69443355500698	18.681712890625	1.91913079470396
81.7519989013672	2.6975586079061	18.680146484375	1.92179228179157
81.8519973754883	2.7011230122298	18.6893203125	1.92447344306856
81.9520034790039	2.70439451560378	18.689439453125	1.92752981092781
82.052001953125	2.70781246945262	18.691859375	1.93052797112614
82.1520004272461	2.71088862791657	18.6855703125	1.9332425436005
82.2519989013672	2.71450192667544	18.695396484375	1.93613639567047
82.3519973754883	2.71796877495944	18.701166015625	1.93918473087251
82.4520034790039	2.72138672880828	18.700642578125	1.94201292470098
82.552001953125	2.72446288727224	18.692630859375	1.94492435548455
82.6520004272461	2.72783194668591	18.69296484375	1.94769375957549
82.7519989013672	2.7310058940202	18.6891953125	1.95043883286417
82.8519973754883	2.73452140390873	18.696830078125	1.95355480536819
82.9520034790039	2.73798825219274	18.694380859375	1.95638835430145
83.052001953125	2.74155265651643	18.701544921875	1.9594756886363
83.1520004272461	2.74462881498039	18.692173828125	1.96233415044844
83.2519989013672	2.74794921278954	18.69251171875	1.96506129577756
83.3519973754883	2.75117182172835	18.688060546875	1.96809391491115
83.4520034790039	2.75463867001235	18.693513671875	1.97099894285202
83.552001953125	2.7579590678215	18.689607421875	1.9737770780921
83.6520004272461	2.76142568327487	18.6933984375	1.97663437575102
83.7519989013672	2.76474608108401	18.690701171875	1.97963579557836
83.8519973754883	2.76831048540771	18.69416796875	1.9828116055578
83.9520034790039	2.77167977765203	18.696224609375	1.98573525995016
84.052001953125	2.77495128102601	18.689322265625	1.98871502652764
84.1520004272461	2.77802743948996	18.681615234375	1.99146149680018
84.2519989013672	2.78134760446846	18.685419921875	1.99428061023355
84.3519973754883	2.78442376293242	18.67679296875	1.99700403027236
84.4520034790039	2.78754881583154	18.67720703125	2.00015958398581
84.552001953125	2.79042962938547	18.66884375	2.00271746143699
84.6520004272461	2.79389647766948	18.675171875	2.00546975247562
84.7519989013672	2.79741222038865	18.67946484375	2.00856104493141
84.8519973754883	2.80131842009723	18.69736328125	2.01173615641892
84.9520034790039	2.80502927489579	18.698857421875	2.01468635350466
85.052001953125	2.80859367921948	18.701626953125	2.0179464481771
85.1520004272461	2.81181652098894	18.69230078125	2.02107941731811
85.2519989013672	2.81518558040261	18.686859375	2.02404102310538
85.3519973754883	2.81845708377659	18.68183203125	2.02670320868492
85.4520034790039	2.82158213667572	18.680185546875	2.02957191504538
85.552001953125	2.82441405579448	18.66866015625	2.03226483426988
85.6520004272461	2.82758800312877	18.663439453125	2.03505647368729
85.7519989013672	2.83071282319725	18.660416015625	2.03780434094369
85.8519973754883	2.83447257243097	18.673306640625	2.04075453802943
85.9520034790039	2.83818366006017	18.68328125	2.04387772828341
86.052001953125	2.84174806438386	18.687931640625	2.04704259522259
86.1520004272461	2.84506846219301	18.68189453125	2.0500267855823
86.2519989013672	2.84843752160668	18.678658203125	2.05302867107093
86.3519973754883	2.85151368007064	18.671462890625	2.05590901896358
86.4520034790039	2.85454094409943	18.665337890625	2.05870368517935
86.552001953125	2.857421990484	18.65315234375	2.06133001483977
86.6520004272461	2.8607421554625	18.65646875	2.0641372539103
86.7519989013672	2.86376941949129	18.653166015625	2.06683995202184
86.8519973754883	2.86713871173561	18.65685546875	2.06978223286569
86.9520034790039	2.87031242623925	18.6556484375	2.07244278863072
87.052001953125	2.87407217547297	18.66745703125	2.07515736110508
87.1520004272461	2.87749012932181	18.668716796875	2.07840627990663
87.2519989013672	2.88110342808068	18.675609375	2.08146893419325
87.3519973754883	2.88437493145466	18.67026953125	2.08417745307088
87.4520034790039	2.8877928853035	18.67330078125	2.08744104020298
87.552001953125	2.89082038216293	18.65875390625	2.09026597440243
87.6520004272461	2.89414054714143	18.66285546875	2.09282198920846
87.7519989013672	2.89736338891089	18.65840625	2.09594890475273
87.8519973754883	2.90107424370944	18.669853515625	2.09914264269173
87.9520034790039	2.90449219755828	18.668462890625	2.10190215148032
88.052001953125	2.90800770744681	18.67324609375	2.10479088127613
88.1520004272461	2.91113276034594	18.662693359375	2.10756831802428
88.2519989013672	2.91469716466963	18.669486328125	2.11069267243147
88.3519973754883	2.91816401295364	18.668650390625	2.11380352266133
88.4520034790039	2.92148441076279	18.66533984375	2.11672089062631
88.552001953125	2.92460946366191	18.656783203125	2.11961916647851
88.6520004272461	2.92792962864041	18.657099609375	2.1226282697171
88.7519989013672	2.93105468153954	18.654884765625	2.12543527595699
88.8519973754883	2.93452152982354	18.6569765625	2.12835404090583
88.9520034790039	2.93798837810755	18.65984765625	2.13144929148257
89.052001953125	2.94150388799608	18.66374609375	2.13442486710846
89.1520004272461	2.94453115202487	18.65521875	2.13735573925078
89.2519989013672	2.94785154983401	18.652529296875	2.14036623947322
89.3519973754883	2.9510254971683	18.648455078125	2.14324309490621
89.4520034790039	2.95449211262167	18.6499453125	2.14618281461298
89.552001953125	2.95771495439112	18.647703125	2.14915559627116
89.6520004272461	2.96118156984448	18.65151171875	2.15217215009034
89.7519989013672	2.96450196765363	18.653615234375	2.15512304566801
89.8519973754883	2.96821282245219	18.662927734375	2.15838453732431
89.9520034790039	2.97172856517136	18.658697265625	2.16141412965953
90.052001953125	2.97509762458503	18.659064453125	2.16428143903613
90.1520004272461	2.97836912795901	18.652748046875	2.16732989065349
90.2519989013672	2.98183597624302	18.6546796875	2.1705545950681
90.3519973754883	2.98505858518183	18.6498203125	2.17330502346158
90.4520034790039	2.98813474364579	18.6419765625	2.176265232265
90.552001953125	2.99116200767457	18.633890625	2.17899563722312
90.6520004272461	2.99467775039375	18.641357421875	2.1820601541549
90.7519989013672	2.99824215471745	18.645822265625	2.18508369289339
90.8519973754883	3.001953009516	18.6508203125	2.18808581121266
90.9520034790039	3.00556630827487	18.6558359375	2.19141924753785
91.052001953125	3.00883781164885	18.64898046875	2.19452590681612
91.1520004272461	3.0119139701128	18.639916015625	2.19739647582173
91.2519989013672	3.01513681188226	18.63208203125	2.20006634481251
91.3519973754883	3.01826163195074	18.6293359375	2.2034386638552
91.4520034790039	3.02133779041469	18.623546875	2.20617861486971
91.552001953125	3.02412104792893	18.61083203125	2.2086335811764
91.6520004272461	3.02724610082805	18.612712890625	2.21141381189227
91.7519989013672	3.03027336485684	18.608607421875	2.21408810466528
91.8519973754883	3.0341309029609	18.622931640625	2.21694260835648
91.9520034790039	3.03779286332428	18.63491015625	2.22042924724519
92.052001953125	3.04150395095348	18.640064453125	2.22349260002375
92.1520004272461	3.04482411593199	18.636431640625	2.22658785060048
92.2519989013672	3.04833985865116	18.638220703125	2.22936202771962
92.3519973754883	3.05146491155028	18.633607421875	2.23243632353842
92.4520034790039	3.05458973161876	18.624224609375	2.23530060611665
92.552001953125	3.05751943960786	18.614462890625	2.23801657557487
92.6520004272461	3.06083983741701	18.61590234375	2.24090903066099
92.7519989013672	3.06396489031613	18.610240234375	2.24375515244901
92.8519973754883	3.06743173860013	18.61605859375	2.24662502296269
92.9520034790039	3.07075190357864	18.6203984375	2.24961317144334
93.052001953125	3.07451165281236	18.6255625	2.25260760635138
93.1520004272461	3.07797850109637	18.632181640625	2.25573102943599
93.2519989013672	3.08154290542006	18.630470703125	2.25880788639188
93.3519973754883	3.08486330322921	18.6256640625	2.26185447536409
93.4520034790039	3.08808591216803	18.6205546875	2.26490572094917
93.552001953125	3.09106451459229	18.61220703125	2.2676179651171
93.6520004272461	3.09433601796627	18.607466796875	2.27065617218614
93.7519989013672	3.09750973246992	18.605494140625	2.27359333075583
93.8519973754883	3.10107413679361	18.618578125	2.27678124792874
93.9520034790039	3.10434564016759	18.61276171875	2.27949861437082
94.052001953125	3.10766603797674	18.61506640625	2.28243344463408
94.1520004272461	3.1107421964407	18.608017578125	2.28542508557439
94.2519989013672	3.11435549519956	18.617298828125	2.28828657418489
94.3519973754883	3.11782234348357	18.620205078125	2.2915699519217
94.4520034790039	3.12128895893693	18.620291015625	2.29458464309573
94.552001953125	3.12446290627122	18.613466796875	2.29797489009798
94.6520004272461	3.12792975455523	18.61698046875	2.30092415586114
94.7519989013672	3.13120125792921	18.6095546875	2.30379425920546
94.8519973754883	3.13481455668807	18.61463671875	2.3070233874023
94.9520034790039	3.13837896101177	18.61987890625	2.31001270003617
95.052001953125	3.14194336533546	18.623634765625	2.31352727860212
95.1520004272461	3.14506841823459	18.609490234375	2.31625488959253
95.2519989013672	3.1482910271734	18.605625	2.31915269978344
95.3519973754883	3.15146474167705	18.601791015625	2.32228124514222
95.4520034790039	3.15488292835653	18.606212890625	2.32548220083117
95.552001953125	3.15815419889987	18.599771484375	2.32828757725656
95.6520004272461	3.16147459670901	18.6026328125	2.33137444593012
95.7519989013672	3.16489255055785	18.602646484375	2.3344608489424
95.8519973754883	3.16850584931672	18.604361328125	2.33757449313998
95.9520034790039	3.17197269760072	18.60519140625	2.34069302678108
96.052001953125	3.1752442009747	18.5992734375	2.34404532238841
96.1520004272461	3.17841791547835	18.5932265625	2.3471019230783
96.2519989013672	3.18178720772266	18.590501953125	2.3499543312937
96.3519973754883	3.18491202779114	18.5852734375	2.35280441120267
96.4520034790039	3.18793952465057	18.57915234375	2.35574250109494
96.552001953125	3.19077144376934	18.56848046875	2.35836068168283
96.6520004272461	3.19418939761817	18.578396484375	2.36134044826031
96.7519989013672	3.19760735146701	18.580189453125	2.36448110081255
96.8519973754883	3.20136710070074	18.590724609375	2.36744340509176
96.9520034790039	3.20488284341991	18.59379296875	2.37077940255404
97.052001953125	3.20834969170392	18.596908203125	2.37384694628417
97.1520004272461	3.21152340620756	18.585396484375	2.37686955370009
97.2519989013672	3.21489246562123	18.585935546875	2.38000368699431
97.3519973754883	3.21821286343038	18.579994140625	2.38302769139409
97.4520034790039	3.22138681076467	18.582583984375	2.38614925183356
97.552001953125	3.22431651875377	18.57084375	2.38883611746132
97.6520004272461	3.22749023325741	18.5686875	2.39159353077412
97.7519989013672	3.23066394776106	18.561048828125	2.39463499747217
97.8519973754883	3.23447259142995	18.57755859375	2.39778985269368
97.9520034790039	3.23818367905915	18.5842890625	2.400764496997
98.052001953125	3.24169918894768	18.58775	2.40417011082172
98.1520004272461	3.24492179788649	18.58089453125	2.40709772333503
98.2519989013672	3.24833975173533	18.58040625	2.41027516312897
98.3519973754883	3.25141591019928	18.568107421875	2.41331290453672
98.4520034790039	3.25444340705872	18.560251953125	2.41609546355903
98.552001953125	3.25732422061265	18.552814453125	2.41899187676609
98.6520004272461	3.26064461842179	18.552748046875	2.42172437720001
98.7519989013672	3.26381833292544	18.552966796875	2.42471322417259
98.8519973754883	3.26733407564461	18.5607265625	2.42782733403146
98.9520034790039	3.27070313505828	18.562501953125	2.43093795143068
99.052001953125	3.27446288429201	18.573384765625	2.43413005955517
99.1520004272461	3.27797862701118	18.575521484375	2.4371319450438
99.2519989013672	3.28164058737457	18.578529296875	2.44042975828052
99.3519973754883	3.28500987961888	18.574537109375	2.44362582452595
99.4520034790039	3.2882324885577	18.5694375	2.44668778032064
99.552001953125	3.29121085815132	18.556947265625	2.44971085339785
99.6520004272461	3.2944823615253	18.5555078125	2.45281518436968
99.7519989013672	3.29770497046411	18.55058203125	2.45573977008462
99.8519973754883	3.30136716365814	18.56173828125	2.45916657149792
99.9520034790039	3.30478511750698	18.560427734375	2.4621207267046
100.052001953125	3.3081544097513	18.5606796875	2.46503530070186
100.152000427246	3.31137701869011	18.553611328125	2.46818619780242
100.251998901367	3.3150389790535	18.5617265625	2.47152335941792
100.351997375488	3.31855472177267	18.557759765625	2.47469660826027
100.452003479004	3.32182622514665	18.56311328125	2.4779555387795
100.552001953125	3.3249999396503	18.55372265625	2.4812682531774
100.652000427246	3.32836923189461	18.5512421875	2.48437444679439
100.751998901367	3.33159184083343	18.54423046875	2.48719286173582
100.851997375488	3.33500979468226	18.54867578125	2.49052071012557
100.952003479004	3.33837885409594	18.544263671875	2.49335891567171
101.052001953125	3.34179680794477	18.542138671875	2.49672308564186
101.152000427246	3.34482430480421	18.53375390625	2.49971426092088
101.251998901367	3.34799801930785	18.531111328125	2.50262743793428
101.351997375488	3.35107417777181	18.520705078125	2.50550452619791
101.452003479004	3.35444347001612	18.523939453125	2.50870501622558
101.552001953125	3.35771474055946	18.52558203125	2.51176464371383
101.652000427246	3.36118158884346	18.52723046875	2.51475581899285
101.751998901367	3.36450198665261	18.527060546875	2.51766853034496
101.851997375488	3.36821284145117	18.534837890625	2.52104643732309
101.952003479004	3.37172858417034	18.535390625	2.52436124719679
102.052001953125	3.37509764358401	18.5334921875	2.5271933991462
102.152000427246	3.37832025252283	18.525697265625	2.53033940680325
102.251998901367	3.38168954476714	18.52521875	2.53338320180774
102.351997375488	3.38481436483562	18.516888671875	2.53635668195784
102.452003479004	3.38784186169505	18.508796875	2.53943307325244
102.552001953125	3.39067378081381	18.4969453125	2.54231342114508
102.652000427246	3.39409173466265	18.504810546875	2.54540727473795
102.751998901367	3.39746102690697	18.504609375	2.54835817031562
102.851997375488	3.40122077614069	18.51693359375	2.55151162855327
102.952003479004	3.40478518046439	18.519373046875	2.55477009341121
103.052001953125	3.40830069035292	18.52126171875	2.55779502913356
103.152000427246	3.41137684881687	18.511330078125	2.56091495975852
103.251998901367	3.41469724662602	18.505603515625	2.5639699306339
103.351997375488	3.41791985556483	18.5034296875	2.56686471402645
103.452003479004	3.42114246450365	18.500650390625	2.57010920904577
103.552001953125	3.42397461645305	18.486037109375	2.57295975461602
103.652000427246	3.42709966935217	18.4848203125	2.57563591003418
103.751998901367	3.43012693338096	18.478267578125	2.57871625944972
103.851997375488	3.43388668261468	18.494009765625	2.58166017010808
103.952003479004	3.43754887580872	18.502806640625	2.58517591282725
104.052001953125	3.44130862504244	18.514458984375	2.58851307444274
104.152000427246	3.44458012841642	18.50343359375	2.59161414578557
104.251998901367	3.44814453274012	18.506275390625	2.59478599764407
104.351997375488	3.45136714167893	18.50385546875	2.59790499694645
104.452003479004	3.45458975061774	18.495259765625	2.60096532292664
104.552001953125	3.45756835304201	18.485013671875	2.6040815282613
104.652000427246	3.46098630689085	18.48533203125	2.60713580064476
104.751998901367	3.46430670469999	18.485037109375	2.61006550863385
104.851997375488	3.46782221458852	18.488748046875	2.61313677765429
104.952003479004	3.47128906287253	18.485314453125	2.6162697467953
105.052001953125	3.47499991767108	18.49409375	2.61995173059404
105.152000427246	3.47846676595509	18.49416796875	2.62314034625888
105.251998901367	3.48188471980393	18.4936328125	2.62651778757572
105.351997375488	3.48510732874274	18.486259765625	2.62959278188646
105.452003479004	3.48823238164186	18.47924609375	2.63280840590596
105.552001953125	3.49106453359127	18.46527734375	2.63566989451647
105.652000427246	3.49428714253008	18.46219140625	2.63862195424736
105.751998901367	3.49741219542921	18.4562578125	2.64158751815557
105.851997375488	3.50102549418807	18.468265625	2.64499126933515
105.952003479004	3.50434565916657	18.46380078125	2.64794076792896
106.052001953125	3.50776361301541	18.467265625	2.65152589417994
106.152000427246	3.51088866591454	18.458595703125	2.65429797582328
106.251998901367	3.51455085910857	18.46385546875	2.65767448581755
106.351997375488	3.5180663689971	18.46782421875	2.66066147014499
106.452003479004	3.52148432284594	18.463615234375	2.6642067823559
106.552001953125	3.52456048130989	18.456669921875	2.66717374324799
106.652000427246	3.52792977355421	18.45496484375	2.67024803906679
106.751998901367	3.53105459362268	18.445373046875	2.67343851737678
106.851997375488	3.53457033634186	18.450802734375	2.67659011296928
106.952003479004	3.53803718462586	18.45241015625	2.67983134835958
107.052001953125	3.54155269451439	18.45048046875	2.68309051170945
107.152000427246	3.54458019137383	18.4417578125	2.68616201356053
107.251998901367	3.54790035635233	18.44069921875	2.6890910230577
107.351997375488	3.55107430368662	18.431806640625	2.69209127873182
107.452003479004	3.55454091913998	18.4373671875	2.69551225937903
107.552001953125	3.55781242251396	18.4326640625	2.69867130555212
107.652000427246	3.5612303763628	18.43528125	2.70189112052321
107.751998901367	3.56455077417195	18.427044921875	2.70474259741604
107.851997375488	3.56816407293081	18.432400390625	2.70798057317734
107.952003479004	3.57153313234448	18.43219921875	2.71135615184903
108.052001953125	3.57480463571846	18.428923828125	2.7145252097398
108.152000427246	3.5778321325779	18.418576171875	2.71774246357381
108.251998901367	3.58125008642673	18.4187734375	2.72072851657867
108.351997375488	3.58427735045552	18.410869140625	2.72389804013073
108.452003479004	3.58745106495917	18.40596484375	2.72652273997664
108.552001953125	3.59028321690857	18.39277734375	2.72978306747973
108.652000427246	3.59375006519258	18.398625	2.73262429982424
108.751998901367	3.59726557508111	18.402029296875	2.73582944646478
108.851997375488	3.60117177478969	18.418173828125	2.73937941528857
108.952003479004	3.60488286241889	18.422341796875	2.74256221018732
109.052001953125	3.60849616117775	18.424529296875	2.74613057263196
109.152000427246	3.61171877011657	18.412294921875	2.74931429885328
109.251998901367	3.61508782953024	18.404931640625	2.7524153701961
109.351997375488	3.61840822733939	18.4013125	2.75566917844117
109.452003479004	3.62158194184303	18.396197265625	2.75867152959108
109.552001953125	3.62441409379244	18.377716796875	2.76177446357906
109.652000427246	3.62758780829608	18.37709765625	2.76481476612389
109.751998901367	3.63071286119521	18.37380859375	2.76788463816047
109.851997375488	3.63457039929926	18.3865625	2.77137733064592
109.952003479004	3.63833014853299	18.391501953125	2.77456291951239
110.052001953125	3.64194344729185	18.3966484375	2.77816550806165
110.152000427246	3.64531250670552	18.389484375	2.781274728477
110.251998901367	3.64877935498953	18.38622265625	2.78458348475397
110.351997375488	3.65195306949317	18.375669921875	2.78786150738597
110.452003479004	3.65498056635261	18.364705078125	2.79091927222908
110.552001953125	3.65800783038139	18.3549375	2.79386295005679
110.652000427246	3.66127933375537	18.35753125	2.79711442999542
110.751998901367	3.66445304825902	18.348951171875	2.80027044937015
110.851997375488	3.66787100210786	18.35359765625	2.80321459285915
110.952003479004	3.67119139991701	18.35105078125	2.80642695724964
111.052001953125	3.67480469867587	18.36204296875	2.81003420241177
111.152000427246	3.67827154695988	18.357216796875	2.8130472637713
111.251998901367	3.68183595128357	18.358876953125	2.81653413549066
111.351997375488	3.68520501069725	18.35651171875	2.81979166902602
111.452003479004	3.68837895803154	18.34630859375	2.8230338357389
111.552001953125	3.69140622206032	18.3344765625	2.82606482505798
111.652000427246	3.6946777254343	18.331001953125	2.82917940057814
111.751998901367	3.69799812324345	18.32890234375	2.83229188062251
111.851997375488	3.70161142200232	18.333158203125	2.8353922534734
111.952003479004	3.70498048141599	18.330005859375	2.83887633122504
112.052001953125	3.70825198478997	18.3259921875	2.84204701893032
112.152000427246	3.71137703768909	18.31657421875	2.84522259607911
112.251998901367	3.71484365314245	18.3189140625	2.84835719503462
112.351997375488	3.71821294538677	18.3163984375	2.85163894295692
112.452003479004	3.72138665989041	18.308166015625	2.85481289029121
112.552001953125	3.72436526231468	18.301189453125	2.85787554457784
112.652000427246	3.72768566012383	18.30016015625	2.86104576662183
112.751998901367	3.73076181858778	18.290828125	2.86380783654749
112.851997375488	3.73422843404114	18.2952890625	2.86692078225315
112.952003479004	3.73754883185029	18.2954921875	2.87022534757853
113.052001953125	3.74121102504432	18.298421875	2.87362956441939
113.152000427246	3.74423828907311	18.28925	2.8765497263521
113.251998901367	3.74755868688226	18.285984375	2.87991832010448
113.351997375488	3.75063484534621	18.27931640625	2.8829665388912
113.452003479004	3.75410146079957	18.28187890625	2.88634630851448
113.552001953125	3.75737296417356	18.277986328125	2.88939382880926
113.652000427246	3.76083981245756	18.279404296875	2.89269839413464
113.751998901367	3.76406242139637	18.273845703125	2.89591657929122
113.851997375488	3.76777350902557	18.279349609375	2.89937481284142
113.952003479004	3.77124012447894	18.276703125	2.90246866643429
114.052001953125	3.77475586719811	18.273333984375	2.9061371460557
114.152000427246	3.77792958170176	18.26148046875	2.90927686728537
114.251998901367	3.78139642998576	18.26228515625	2.91269761510193
114.351997375488	3.78457037732005	18.250591796875	2.91559076867998
114.452003479004	3.78779298625886	18.247576171875	2.91919941082597
114.552001953125	3.79067379981279	18.236634765625	2.92202713899314
114.652000427246	3.79418954253197	18.236328125	2.92537128552794
114.751998901367	3.79765615798533	18.23819921875	2.92852218262851
114.851997375488	3.80146480165422	18.2450703125	2.93222279287875
114.952003479004	3.80507810041308	18.244556640625	2.93568195775151
115.052001953125	3.80849605426192	18.24090625	2.93914554640651
115.152000427246	3.81157221272588	18.221734375	2.9421360231936
115.251998901367	3.81484371609986	18.222271484375	2.94551183469594
115.351997375488	3.81806632503867	18.21108203125	2.94880196452141
115.452003479004	3.82124027237296	18.2047734375	2.9520511161536
115.552001953125	3.82407219149172	18.19192578125	2.95502413064241
115.652000427246	3.82729503326118	18.18858203125	2.9581633862108
115.751998901367	3.83037119172513	18.17923046875	2.96127679757774
115.851997375488	3.83427739143372	18.19558203125	2.96472571790218
115.952003479004	3.83808603510261	18.205017578125	2.96827545389533
116.052001953125	3.84184578433633	18.206333984375	2.97192181460559
116.152000427246	3.84521484375	18.196	2.97509273514152
116.251998901367	3.84873035363853	18.192060546875	2.97886785119772
116.351997375488	3.85195319540799	18.181349609375	2.98220082186162
116.452003479004	3.85498045943677	18.164466796875	2.98546301200986
116.552001953125	3.85800772346556	18.15098046875	2.98855267465115
116.652000427246	3.86132812127471	18.150333984375	2.99163837917149
116.751998901367	3.864502068609	18.14198046875	2.99488031305373
116.851997375488	3.86792002245784	18.1416796875	2.99834040924907
116.952003479004	3.87128908187151	18.13934375	3.00168292596936
117.052001953125	3.87490238063037	18.145271484375	3.00501380115747
117.152000427246	3.8784178905189	18.1406875	3.00829508341849
117.251998901367	3.88188473880291	18.13905859375	3.01174377091229
117.351997375488	3.88515624217689	18.12958984375	3.0150911770761
117.452003479004	3.88833018951118	18.11766015625	3.0186278745532
117.552001953125	3.89121100306511	18.102240234375	3.0215464066714
117.652000427246	3.89438471756876	18.093513671875	3.02476622164249
117.751998901367	3.89750977046788	18.088130859375	3.02785565145314
117.851997375488	3.90102528035641	18.092119140625	3.03128408268094
117.952003479004	3.90424812212586	18.085734375	3.03428736515343
118.052001953125	3.9076660759747	18.084689453125	3.03755840286613
118.152000427246	3.91064444556832	18.073107421875	3.04070650599897
118.251998901367	3.91420908272266	18.078021484375	3.04425391368568
118.351997375488	3.9176270365715	18.07148046875	3.04746604524553
118.452003479004	3.92114277929068	18.07330859375	3.05089144967496
118.552001953125	3.92426736652851	18.060609375	3.05400346405804
118.652000427246	3.92768532037735	18.057982421875	3.05736623704433
118.751998901367	3.93090816214681	18.045056640625	3.06065683253109
118.851997375488	3.93447279930115	18.048306640625	3.0640575569123
118.952003479004	3.9380369707942	18.04685546875	3.06738796643913
119.052001953125	3.94160160794854	18.044396484375	3.0708375852555
119.152000427246	3.9446777664125	18.028736328125	3.07423924095929
119.251998901367	3.94794903695583	18.021623046875	3.07744788005948
119.351997375488	3.95112298429012	18.01135546875	3.08072287589312
119.452003479004	3.95458983257413	18.00751953125	3.08405002579093
119.552001953125	3.95776377990842	18.000208984375	3.08762048371136
119.652000427246	3.96118173375726	17.999240234375	3.0907834880054
119.751998901367	3.96445300430059	17.990626953125	3.09411576017737
119.851997375488	3.96816385909915	17.994333984375	3.09755583293736
119.952003479004	3.97158181294799	17.98808984375	3.10111441649497
120.052001953125	3.97490244358778	17.980513671875	3.10444901697338
120.152000427246	3.97807639092207	17.96353125	3.10770561918616
120.251998901367	3.98154277354479	17.964171875	3.1113822478801
120.351997375488	3.98471672087908	17.954712890625	3.1146144028753
120.452003479004	3.98779287934303	17.9471484375	3.11796693131328
120.552001953125	3.99067392572761	17.9262734375	3.12105915509164
120.652000427246	3.99414077401161	17.926740234375	3.12424823641777
120.751998901367	3.99760762229562	17.927375	3.12742032110691
120.851997375488	4.00146469473839	17.931974609375	3.13126761466265
120.952003479004	4.00502933189273	17.928498046875	3.1348264310509
121.052001953125	4.0085450746119	17.923421875	3.13846278004348
121.152000427246	4.01176745072007	17.9088359375	3.14172706566751
121.251998901367	4.01513651013374	17.90421875	3.14529170282185
121.351997375488	4.0185060352087	17.893623046875	3.14866797998548
121.452003479004	4.0216795168817	17.88420703125	3.15213412977755
121.552001953125	4.02465835213661	17.862962890625	3.1554561574012
121.652000427246	4.02788072824478	17.85352734375	3.15883965231478
121.751998901367	4.03115246444941	17.849009765625	3.16186738200486
121.851997375488	4.0349611081183	17.855427734375	3.16564948298037
121.952003479004	4.03872085735202	17.852787109375	3.16926185041666
122.052001953125	4.04213881120086	17.847033203125	3.17275780253112
122.152000427246	4.04541008174419	17.8323828125	3.17601440474391
122.251998901367	4.04863292351365	17.822619140625	3.17943445406854
122.351997375488	4.05166018754244	17.806919921875	3.18262213841081
122.452003479004	4.05463855713606	17.79156640625	3.18597862496972
122.552001953125	4.05751960352063	17.775642578125	3.18899587728083
122.652000427246	4.06079087406397	17.7760078125	3.19220195524395
122.751998901367	4.06386703252792	17.763771484375	3.19554260931909
122.851997375488	4.06728498637676	17.766400390625	3.19862319156528
122.952003479004	4.07060561701655	17.76123828125	3.20217781700194
123.052001953125	4.07436536625028	17.765330078125	3.20547888986766
123.152000427246	4.07788064330816	17.7589453125	3.20906867273152
123.251998901367	4.08149417489767	17.755970703125	3.21272993460298
123.351997375488	4.08481433987617	17.7449765625	3.21593205444515
123.452003479004	4.08813497051597	17.73168359375	3.21944965980947
123.552001953125	4.09106444567442	17.71367578125	3.22278589010239
123.652000427246	4.09428728744388	17.704798828125	3.22594121098518
123.751998901367	4.09746076911688	17.6929453125	3.22914938442409
123.851997375488	4.10112319514155	17.695740234375	3.23272193782032
123.952003479004	4.10449225455523	17.685150390625	3.23628028854728
124.052001953125	4.10795910283923	17.6819921875	3.23960511013865
124.152000427246	4.11108415573835	17.66936328125	3.24273738078773
124.251998901367	4.11469722166657	17.6688046875	3.24634043499827
124.351997375488	4.11821296438575	17.66230859375	3.24961263686419
124.452003479004	4.12158202379942	17.649275390625	3.25332628563046
124.552001953125	4.12470707669854	17.6334375	3.25659313239157
124.652000427246	4.12802724167705	17.625119140625	3.26000177301466
124.751998901367	4.13115229457617	17.610396484375	3.26330144889653
124.851997375488	4.13461914286017	17.607900390625	3.26676503755152
124.952003479004	4.13803709670901	17.598638671875	3.27045819722116
125.052001953125	4.14150394499302	17.59516015625	3.27383005060256
125.152000427246	4.14448231458664	17.575529296875	3.27693787403405
125.251998901367	4.1477051563561	17.5688671875	3.28033277764916
125.351997375488	4.15083020925522	17.55423046875	3.28354723751545
125.452003479004	4.15429705753922	17.550259765625	3.28706088475883
125.552001953125	4.15756832808256	17.545490234375	3.29031096771359
125.652000427246	4.1611329652369	17.541126953125	3.29389562830329
125.751998901367	4.16450202465057	17.5319453125	3.29719693399966
125.851997375488	4.1682617738843	17.535248046875	3.301054937765
125.952003479004	4.17187483981252	17.525134765625	3.30480257980525
126.052001953125	4.17529279366136	17.512654296875	3.30840842798352
126.152000427246	4.17861342430115	17.49578125	3.31180123612285
126.251998901367	4.18198248371482	17.48614453125	3.3152112737298
126.351997375488	4.18520485982299	17.47235546875	3.31885041669011
126.452003479004	4.18823258951306	17.45310546875	3.32219479605556
126.552001953125	4.19116206467152	17.434166015625	3.32544464617968
126.652000427246	4.19458001852036	17.434705078125	3.32886097021401
126.751998901367	4.19804686680436	17.42597265625	3.33238416351378
126.851997375488	4.20180661603808	17.42626171875	3.33588081412017
126.952003479004	4.20542014762759	17.420072265625	3.33955604583025
127.052001953125	4.20878920704126	17.40861328125	3.34313022904098
127.152000427246	4.21191425994039	17.3881640625	3.34667996503413
127.251998901367	4.21518553048372	17.376177734375	3.35003156214952
127.351997375488	4.21850569546223	17.362205078125	3.35324136540294
127.452003479004	4.22158185392618	17.3487578125	3.35666886530817
127.552001953125	4.22441400587559	17.3289375	3.35979764349759
127.652000427246	4.22753905877471	17.319298828125	3.36290011182427
127.751998901367	4.2305663228035	17.307400390625	3.36596951819956
127.851997375488	4.23432607203722	17.310697265625	3.3694664016366
127.952003479004	4.2379884980619	17.314365234375	3.3732415176928
128.052001953125	4.24165045842528	17.30845703125	3.37715889327228
128.151992797852	4.24492172896862	17.293486328125	3.38035589084029
128.251998901367	4.24843747168779	17.28215625	3.38413706049323
128.352005004883	4.25166031345725	17.267564453125	3.38747259229422
128.451995849609	4.25473647192121	17.249431640625	3.3908833283931
128.552001953125	4.25776373594999	17.233798828125	3.39421513490379
128.651992797852	4.26113279536366	17.226388671875	3.39735951274633
128.751998901367	4.264404065907	17.214025390625	3.40110436081886
128.852005004883	4.26787091419101	17.210990234375	3.40432301163673
128.951995849609	4.27128886803985	17.199814453125	3.40788508765399
129.052001953125	4.27495129406452	17.19555078125	3.41155333444476
129.151992797852	4.27846657112241	17.183791015625	3.41502181254327
129.251998901367	4.28188499063253	17.174486328125	3.4187794663012
129.352005004883	4.28515626117587	17.15862109375	3.42202838510275
129.451995849609	4.28823241963983	17.141802734375	3.42514482326806
129.552001953125	4.29116189479828	17.12126171875	3.42851574532688
129.651992797852	4.29433584213257	17.112828125	3.43187339603901
129.751998901367	4.29746089503169	17.098029296875	3.43494606204331
129.852005004883	4.3010744266212	17.097517578125	3.43891908414662
129.951995849609	4.3043945915997	17.087408203125	3.44235543161631
130.052001953125	4.30781254544854	17.078791015625	3.44610027968884
130.151992797852	4.3108887039125	17.063314453125	3.44909843988717
130.251998901367	4.31450176984072	17.058306640625	3.45281790941954
130.352005004883	4.31801751255989	17.050103515625	3.45632247626781
130.451995849609	4.32143546640873	17.038486328125	3.45987314358354
130.552001953125	4.32456051930785	17.019689453125	3.46331926994026
130.651992797852	4.32792957872152	17.00760546875	3.46688739955425
130.751998901367	4.33110352605581	16.994390625	3.47058312036097
130.852005004883	4.33466816321015	16.986630859375	3.47396940924227
130.951995849609	4.33818344026804	16.97634765625	3.47758340649307
131.052001953125	4.34174807742238	16.9701796875	3.48128308542073
131.151992797852	4.3448731303215	16.946716796875	3.48469917662442
131.251998901367	4.34814440086484	16.934650390625	3.48836439661682
131.352005004883	4.35141613706946	16.915615234375	3.49178095348179
131.451995849609	4.35488298535347	16.90621484375	3.49555350840092
131.552001953125	4.35820315033197	16.888263671875	3.49900824949145
131.651992797852	4.36162110418081	16.877708984375	3.50263807922602
131.751998901367	4.36499016359448	16.861537109375	3.50623880513012
131.852005004883	4.36850590631366	16.85548046875	3.50967119447887
131.951995849609	4.37187496572733	16.8369921875	3.51349473930895
132.052001953125	4.37509780749679	16.81878515625	3.51687869988382
132.151992797852	4.37812507152557	16.802603515625	3.52028803899884
132.251998901367	4.38144523650408	16.7905859375	3.52377910166979
132.352005004883	4.38447250053287	16.7689296875	3.52706667035818
132.451995849609	4.38754865899682	16.757322265625	3.53043829090893
132.552001953125	4.39028302207589	16.734822265625	3.53339384309947
132.651992797852	4.39370097592473	16.73039453125	3.53684113360941
132.751998901367	4.39711892977357	16.724615234375	3.54035198688507
132.852005004883	4.40102536231279	16.7259296875	3.54415527544916
132.951995849609	4.40458999946713	16.718130859375	3.54785239323974
133.052001953125	4.40820306539536	16.7015625	3.55153111740947
133.151992797852	4.41137701272964	16.674265625	3.55511903762817
133.251998901367	4.41479496657848	16.662796875	3.5588787868619
133.352005004883	4.41801780834794	16.642361328125	3.56254354119301
133.451995849609	4.42124018445611	16.622751953125	3.56588652357459
133.552001953125	4.42412123084068	16.59594921875	3.56936454772949
133.651992797852	4.42729471251369	16.581203125	3.57296550646424
133.751998901367	4.43041976541281	16.560115234375	3.57627728953958
133.852005004883	4.4342284090817	16.55944921875	3.57971666380763
133.951995849609	4.43793926388025	16.550484375	3.58370505273342
134.052001953125	4.4416505843401	16.538296875	3.58752091415226
134.151992797852	4.4449707493186	16.512310546875	3.59127903357148
134.251998901367	4.44843759760261	16.4960859375	3.5949619486928
134.352005004883	4.45165997371078	16.473689453125	3.59845557250082
134.451995849609	4.4547850266099	16.4483125	3.60188633203506
134.552001953125	4.45776386186481	16.418869140625	3.60560393892229
134.651992797852	4.46108402684331	16.403646484375	3.60908824950457
134.751998901367	4.4642579741776	16.3832470703125	3.61219746991992
134.852005004883	4.46767592802644	16.365513671875	3.61634441651404
134.951995849609	4.47099609300494	16.34387890625	3.61995701678097
135.052001953125	4.47465805336833	16.3318095703125	3.62404109910131
135.151992797852	4.4781737960875	16.306736328125	3.62782599404454
135.251998901367	4.48178732767701	16.28523828125	3.63190658390522
135.352005004883	4.48515638709068	16.2493916015625	3.63617180846632
135.451995849609	4.48837876319885	16.1987802734375	3.64048243500292
135.552001953125	4.49145492166281	16.1119560546875	3.6455059889704
135.651992797852	4.49482444673777	16.0012451171875	3.65225342102349
135.751998901367	4.49892599135637	-1.36688610839844	4.10558935254812
135.772003173828	4.50107408687472	-0.141590713500977	3.74622759409249
